0.030000,0.000000
0.060000,0.000000
0.089970,0.001339
0.119881,0.003643
0.149732,0.006637
0.179528,0.010124
0.209283,0.013955
0.239006,0.018024
0.268706,0.022251
0.298390,0.026594
0.328064,0.031007
0.357730,0.035469
0.387392,0.039958
0.417054,0.044449
0.446717,0.048933
0.476380,0.053416
0.506048,0.057869
0.535724,0.062268
0.565406,0.066621
0.595091,0.070957
0.624784,0.075240
0.654483,0.079477
0.684187,0.083682
0.713902,0.087806
0.743632,0.091824
0.773379,0.095716
0.803139,0.099498
0.832909,0.103209
0.862687,0.106848
0.892478,0.110388
0.922284,0.113792
0.952105,0.117065
0.981939,0.120218
1.011782,0.123278
1.041634,0.126261
1.071495,0.129140
1.101370,0.131881
1.131249,0.134569
1.161136,0.137169
1.191028,0.139709
1.220927,0.142174
1.250835,0.144520
1.280751,0.146772
1.310672,0.148937
1.340602,0.150996
1.370535,0.152991
1.400477,0.154857
1.430427,0.156595
1.460382,0.158236
1.490340,0.159822
1.520302,0.161326
1.550271,0.162681
1.580249,0.163837
1.610233,0.164823
1.640221,0.165655
1.670212,0.166404
1.700208,0.166882
1.730208,0.167044
1.760208,0.166993
1.790207,0.166788
1.820203,0.166313
1.850194,0.165570
1.880175,0.164506
1.910148,0.163225
1.940109,0.161695
1.970058,0.159949
1.999990,0.157935
2.029910,0.155740
2.059811,0.153305
2.089699,0.150710
2.119580,0.148049
2.149446,0.145218
2.179296,0.142214
2.209140,0.139160
2.238973,0.136003
2.268792,0.132713
2.298607,0.129386
2.328407,0.125923
2.358186,0.122295
2.387961,0.118620
2.417713,0.114776
2.447439,0.110727
2.477155,0.106612
2.506852,0.102361
2.536518,0.097894
2.566162,0.093284
2.595791,0.088581
2.625391,0.083697
2.654969,0.078685
2.684516,0.073492
2.714056,0.068260
2.743568,0.062867
2.773054,0.057339
2.802511,0.051656
2.831939,0.045828
2.861333,0.039828
2.890706,0.033726
2.920051,0.027491
2.949378,0.021171
2.978679,0.014735
3.007949,0.008157
3.037204,0.001513
3.066425,-0.005278
3.095627,-0.012153
3.124803,-0.019134
3.153966,-0.026172
3.183096,-0.033346
3.212198,-0.040631
3.241279,-0.047999
3.270330,-0.055483
3.299336,-0.063142
3.328301,-0.070955
3.357231,-0.078895
3.386136,-0.086928
3.414983,-0.095164
3.443789,-0.103543
3.472553,-0.112064
3.501252,-0.120805
3.529914,-0.129664
3.558531,-0.138669
3.587108,-0.147797
3.615640,-0.157067
3.644131,-0.166461
3.672580,-0.175984
3.700977,-0.185659
3.729320,-0.195491
3.757604,-0.205491
3.785848,-0.215605
3.814055,-0.225822
3.842222,-0.236145
3.870357,-0.246560
3.898477,-0.257012
3.926555,-0.267576
3.954619,-0.278179
3.982602,-0.288995
4.010541,-0.299921
4.038416,-0.311012
4.066246,-0.322215
4.094019,-0.333558
4.121757,-0.344984
4.149452,-0.356517
4.177089,-0.368187
4.204684,-0.379958
4.232226,-0.391850
4.259702,-0.403894
4.287144,-0.416017
4.314551,-0.428217
4.341907,-0.440530
4.369186,-0.453016
4.396416,-0.465605
4.423611,-0.478272
4.450762,-0.491033
4.477888,-0.503846
4.504968,-0.516755
4.532022,-0.529720
4.559019,-0.542803
4.585972,-0.555977
4.612869,-0.569265
4.639711,-0.582662
4.666490,-0.596185
4.693194,-0.609857
4.719843,-0.623635
4.746465,-0.637464
4.773072,-0.651323
4.799650,-0.665238
4.826162,-0.679278
4.852620,-0.693419
4.879028,-0.707652
4.905408,-0.721939
4.931730,-0.736331
4.958005,-0.750811
4.984215,-0.765406
5.010378,-0.780087
5.036455,-0.794917
5.062485,-0.809833
5.088454,-0.824853
5.114396,-0.839919
5.140294,-0.855063
5.166154,-0.870270
5.191956,-0.885576
5.217723,-0.900940
5.243444,-0.916381
5.269104,-0.931923
5.294718,-0.947540
5.320305,-0.963203
5.345808,-0.979001
5.371246,-0.994905
5.396613,-1.010921
5.421957,-1.026973
5.447229,-1.043139
5.472489,-1.059323
5.497720,-1.075553
5.522908,-1.091849
5.548082,-1.108167
5.573198,-1.124574
5.598275,-1.141040
5.623284,-1.157609
5.648229,-1.174276
5.673102,-1.191048
5.697933,-1.207883
5.722724,-1.224777
5.747455,-1.241760
5.772121,-1.258835
5.796718,-1.276010
5.821253,-1.293274
5.845748,-1.310594
5.870195,-1.327982
5.894575,-1.345465
5.918894,-1.363030
5.943131,-1.380710
5.967333,-1.398438
5.991459,-1.416268
6.015521,-1.434186
6.039550,-1.452147
6.063539,-1.470162
6.087457,-1.488270
6.111323,-1.506448
6.135135,-1.524696
6.158912,-1.542989
6.182632,-1.561357
6.206286,-1.579809
6.229916,-1.598293
6.253500,-1.616833
6.277035,-1.635438
6.300533,-1.654088
6.324010,-1.672765
6.347450,-1.691488
6.370817,-1.710303
6.394167,-1.729139
6.417478,-1.748022
6.440726,-1.766983
6.463950,-1.785974
6.487158,-1.804984
6.510320,-1.824051
6.533467,-1.843136
6.556551,-1.862295
6.579559,-1.881548
6.602552,-1.900817
6.625497,-1.920144
6.648399,-1.939522
6.671225,-1.958989
6.694025,-1.978486
6.716766,-1.998053
6.739454,-2.017681
6.762113,-2.037342
6.784717,-2.057067
6.807269,-2.076852
6.829755,-2.096710
6.852158,-2.116663
6.874509,-2.136674
6.896800,-2.156751
6.919042,-2.176883
6.941240,-2.197063
6.963355,-2.217335
6.985403,-2.237680
7.007392,-2.258087
7.029330,-2.278550
7.051209,-2.299076
7.073032,-2.319661
7.094830,-2.340273
7.116588,-2.360927
7.138307,-2.381621
7.159994,-2.402351
7.181657,-2.423104
7.203315,-2.443863
7.224941,-2.464655
7.246555,-2.485459
7.268134,-2.506301
7.289668,-2.527188
7.311188,-2.548090
7.332670,-2.569031
7.354081,-2.590045
7.375506,-2.611044
7.396865,-2.632110
7.418217,-2.653183
7.439522,-2.674305
7.460768,-2.695486
7.481940,-2.716739
7.503068,-2.738037
7.524141,-2.759390
7.545136,-2.780819
7.566074,-2.802304
7.587028,-2.823774
7.607904,-2.845318
7.628736,-2.866906
7.649535,-2.888526
7.670298,-2.910179
7.690989,-2.931902
7.711665,-2.953639
7.732268,-2.975446
7.752854,-2.997269
7.773403,-3.019126
7.793874,-3.041056
7.814327,-3.063003
7.834746,-3.084982
7.855133,-3.106990
7.875501,-3.129016
7.895818,-3.151090
7.916143,-3.173155
7.936409,-3.195275
7.956629,-3.217437
7.976794,-3.239649
7.996928,-3.261889
8.016997,-3.284188
8.037065,-3.306487
8.057117,-3.328801
8.077142,-3.351139
8.097162,-3.373483
8.117134,-3.395868
8.137044,-3.418309
8.156906,-3.440792
8.176741,-3.463299
8.196551,-3.485829
8.216350,-3.508367
8.236073,-3.530973
8.255694,-3.553667
8.275233,-3.576431
8.294718,-3.599242
8.314166,-3.622085
8.333510,-3.645015
8.352831,-3.667966
8.372094,-3.690964
8.391283,-3.714024
8.410393,-3.737151
8.429376,-3.760380
8.448290,-3.783667
8.467122,-3.807020
8.485909,-3.830409
8.504638,-3.853845
8.523310,-3.877326
8.541924,-3.900853
8.560503,-3.924407
8.578984,-3.948039
8.597384,-3.971734
8.615764,-3.995444
8.634013,-4.019255
8.652161,-4.043143
8.670265,-4.067065
8.688278,-4.091055
8.706223,-4.115096
8.724029,-4.139240
8.741745,-4.163451
8.759456,-4.187665
8.777113,-4.211918
8.794683,-4.236235
8.812186,-4.260600
8.829664,-4.284982
8.847054,-4.309428
8.864374,-4.333923
8.881593,-4.358490
8.898729,-4.383114
8.915775,-4.407801
8.932735,-4.432547
8.949627,-4.457339
8.966469,-4.482165
8.983209,-4.507060
8.999900,-4.531989
9.016510,-4.556971
9.033065,-4.581990
9.049575,-4.607038
9.065955,-4.632171
9.082366,-4.657284
9.098693,-4.682453
9.114930,-4.707679
9.131116,-4.732938
9.147236,-4.758239
9.163248,-4.783608
9.179313,-4.808945
9.195211,-4.834386
9.211029,-4.859877
9.226679,-4.885471
9.242219,-4.911133
9.257611,-4.936883
9.272873,-4.962711
9.288009,-4.988613
9.303024,-5.014585
9.317770,-5.040710
9.332312,-5.066950
9.346584,-5.093338
9.360659,-5.119831
9.374516,-5.146439
9.388128,-5.173174
9.401500,-5.200029
9.414599,-5.227018
9.427528,-5.254089
9.440250,-5.281258
9.452740,-5.308534
9.465089,-5.335875
9.477289,-5.363282
9.489386,-5.390734
9.501316,-5.418260
9.513165,-5.445821
9.524860,-5.473448
9.536404,-5.501138
9.547822,-5.528880
9.559184,-5.556645
9.570420,-5.584461
9.581588,-5.612305
9.592652,-5.640191
9.603659,-5.668099
9.614660,-5.696009
9.625540,-5.723966
9.636220,-5.752001
9.646732,-5.780099
9.657055,-5.808267
9.667224,-5.836491
9.677246,-5.864767
9.687088,-5.893107
9.696679,-5.921532
9.705926,-5.950072
9.714824,-5.978722
9.723136,-6.007547
9.730894,-6.036527
9.737836,-6.065713
9.744012,-6.095070
9.749407,-6.124581
9.753777,-6.154261
9.757177,-6.184068
9.759392,-6.213986
9.760082,-6.243978
9.759611,-6.273974
9.758090,-6.303936
9.755732,-6.333843
9.752517,-6.363670
9.748450,-6.393393
9.743823,-6.423034
9.738583,-6.452573
9.732974,-6.482044
9.726929,-6.511429
9.720641,-6.540762
9.714119,-6.570045
9.707415,-6.599286
9.700551,-6.628490
9.693536,-6.657659
9.686401,-6.686798
9.679166,-6.715912
9.671913,-6.745022
9.664592,-6.774115
9.657248,-6.803202
9.649768,-6.832255
9.642152,-6.861272
9.634475,-6.890273
9.626651,-6.919235
9.618792,-6.948187
9.610882,-6.977126
9.602760,-7.006006
9.594440,-7.034829
9.586126,-7.063653
9.577608,-7.092419
9.568851,-7.121112
9.559842,-7.149728
9.550682,-7.178295
9.541331,-7.206801
9.531803,-7.235247
9.522141,-7.263649
9.512292,-7.291986
9.502359,-7.320294
9.492292,-7.348554
9.481966,-7.376721
9.471406,-7.404801
9.460738,-7.432840
9.449772,-7.460764
9.438534,-7.488580
9.427162,-7.516341
9.415656,-7.544047
9.404029,-7.571702
9.392259,-7.599297
9.380341,-7.626828
9.368346,-7.654326
9.356145,-7.681732
9.343817,-7.709082
9.331313,-7.736352
9.318624,-7.763537
9.305858,-7.790685
9.292934,-7.817758
9.279868,-7.844764
9.266723,-7.871730
9.253445,-7.898632
9.240038,-7.925469
9.226520,-7.952251
9.212865,-7.978963
9.199038,-8.005587
9.185123,-8.032165
9.171014,-8.058640
9.156904,-8.085114
9.142703,-8.111540
9.128437,-8.137932
9.114122,-8.164296
9.099729,-8.190618
9.085265,-8.216901
9.070722,-8.243140
9.056147,-8.269361
9.041491,-8.295538
9.026866,-8.321731
9.012183,-8.347893
8.997429,-8.374014
8.982583,-8.400083
8.967673,-8.426116
8.952645,-8.452080
8.937544,-8.478002
8.922400,-8.503900
8.907191,-8.529758
8.891906,-8.555572
8.876559,-8.581350
8.861177,-8.607106
8.845695,-8.632803
8.830172,-8.658474
8.814616,-8.684126
8.799000,-8.709741
8.783351,-8.735336
8.767571,-8.760851
8.751762,-8.786347
8.735929,-8.811830
8.720065,-8.837292
8.704129,-8.862709
8.688126,-8.888084
8.672008,-8.913387
8.655838,-8.938656
8.639622,-8.963895
8.623381,-8.989119
8.607100,-9.014317
8.590765,-9.039479
8.574381,-9.064610
8.557979,-9.089730
8.541521,-9.114812
8.525027,-9.139871
8.508420,-9.164855
8.491732,-9.189785
8.475064,-9.214729
8.458369,-9.239654
8.441655,-9.264567
8.424897,-9.289450
8.408112,-9.314315
8.391301,-9.339162
8.374488,-9.364008
8.357671,-9.388852
8.340812,-9.413667
8.323931,-9.438466
8.307031,-9.463254
8.290098,-9.488018
8.273151,-9.512773
8.256186,-9.537515
8.239257,-9.562282
8.222361,-9.587072
8.205445,-9.611848
8.188540,-9.636631
8.171607,-9.661395
8.154722,-9.686193
8.137894,-9.711029
8.121084,-9.735877
8.104299,-9.760741
8.087537,-9.785622
8.070803,-9.810521
8.054076,-9.835425
8.037371,-9.860344
8.020729,-9.885305
8.004166,-9.910318
7.987656,-9.935366
7.971148,-9.960416
7.954686,-9.985496
7.938242,-10.010588
7.921838,-10.035705
7.905505,-10.060869
7.889183,-10.086041
7.872907,-10.111242
7.856703,-10.136489
7.840519,-10.161750
7.824364,-10.187028
7.808259,-10.212339
7.792187,-10.237670
7.776127,-10.263010
7.760102,-10.288371
7.744122,-10.313761
7.728175,-10.339171
7.712250,-10.364596
7.696346,-10.390033
7.680498,-10.415505
7.664643,-10.440974
7.648879,-10.466498
7.633148,-10.492043
7.617428,-10.517594
7.601717,-10.543151
7.586043,-10.568731
7.570411,-10.594336
7.554809,-10.619960
7.539248,-10.645609
7.523676,-10.671251
7.508117,-10.696901
7.492559,-10.722551
7.477044,-10.748228
7.461567,-10.773927
7.446082,-10.799622
7.430633,-10.825338
7.415266,-10.851103
7.399945,-10.876897
7.384671,-10.902717
7.369445,-10.928566
7.354212,-10.954411
7.339029,-10.980285
7.323885,-11.006182
7.308785,-11.032105
7.293708,-11.058041
7.278699,-11.084017
7.263694,-11.109995
7.248748,-11.136007
7.233763,-11.161996
7.218818,-11.188009
7.203809,-11.213984
7.188837,-11.239981
7.173861,-11.265975
7.158901,-11.291979
7.143950,-11.317988
7.128975,-11.343983
7.113969,-11.369960
7.099037,-11.395981
7.084138,-11.422019
7.069403,-11.448152
7.054792,-11.474353
7.040355,-11.500651
7.026220,-11.527112
7.012351,-11.553714
6.998787,-11.580472
6.985497,-11.607368
6.972534,-11.634423
6.959819,-11.661595
6.947373,-11.688891
6.935191,-11.716307
6.923221,-11.743815
6.911466,-11.771416
6.899844,-11.799074
6.888323,-11.826773
6.876926,-11.854524
6.865641,-11.882321
6.854427,-11.910146
6.843277,-11.937997
6.832165,-11.965863
6.821068,-11.993735
6.809967,-12.021606
6.798870,-12.049478
6.787845,-12.077379
6.776901,-12.105311
6.766009,-12.133264
6.755165,-12.161235
6.744360,-12.189222
6.733582,-12.217219
6.722903,-12.245254
6.712285,-12.273312
6.701739,-12.301398
6.691280,-12.329515
6.680918,-12.357669
6.670607,-12.385841
6.660390,-12.414048
6.650249,-12.442282
6.640204,-12.470550
6.630240,-12.498847
6.620361,-12.527174
6.610571,-12.555532
6.600848,-12.583912
6.591169,-12.612308
6.581525,-12.640716
6.571955,-12.669149
6.562460,-12.697606
6.552977,-12.726068
6.543560,-12.754552
6.534165,-12.783043
6.524803,-12.811544
6.515487,-12.840061
6.506224,-12.868595
6.497004,-12.897143
6.487771,-12.925687
6.478596,-12.954250
6.469473,-12.982829
6.460383,-13.011419
6.451364,-13.040031
6.442412,-13.068664
6.433528,-13.097319
6.424773,-13.126013
6.416151,-13.154747
6.407658,-13.183520
6.399299,-13.212332
6.391037,-13.241172
6.382889,-13.270044
6.374881,-13.298955
6.366979,-13.327896
6.359171,-13.356862
6.351425,-13.385845
6.343734,-13.414842
6.336146,-13.443867
6.328624,-13.472908
6.321190,-13.501973
6.313841,-13.531059
6.306567,-13.560163
6.299344,-13.589281
6.292190,-13.618415
6.285098,-13.647565
6.278076,-13.676732
6.271147,-13.705920
6.264316,-13.735133
6.257571,-13.764365
6.250912,-13.793616
6.244306,-13.822880
6.237782,-13.852162
6.231322,-13.881458
6.224925,-13.910768
6.218600,-13.940094
6.212339,-13.969433
6.206205,-13.998799
6.200183,-14.028189
6.194321,-14.057610
6.188597,-14.087059
6.183008,-14.116534
6.177538,-14.146031
6.172168,-14.175546
6.166909,-14.205082
6.161751,-14.234635
6.156665,-14.264201
6.151680,-14.293784
6.146743,-14.323375
6.141902,-14.352982
6.137133,-14.382600
6.132455,-14.412233
6.127822,-14.441873
6.123282,-14.471528
6.118842,-14.501197
6.114497,-14.530881
6.110232,-14.560576
6.106031,-14.590281
6.101910,-14.619996
6.097868,-14.649723
6.093908,-14.679460
6.090058,-14.709212
6.086342,-14.738981
6.082682,-14.768757
6.079133,-14.798547
6.075687,-14.828348
6.072319,-14.858158
6.069039,-14.887979
6.065857,-14.917809
6.062744,-14.947647
6.059748,-14.977497
6.056841,-15.007356
6.054037,-15.037225
6.051325,-15.067102
6.048699,-15.096987
6.046207,-15.126883
6.043813,-15.156787
6.041474,-15.186696
6.039216,-15.216611
6.037050,-15.246533
6.034988,-15.276462
6.032978,-15.306394
6.031033,-15.336331
6.029153,-15.366272
6.027350,-15.396218
6.025602,-15.426167
6.023904,-15.456119
6.022274,-15.486075
6.020723,-15.516035
6.019244,-15.545998
6.017855,-15.575966
6.016549,-15.605938
6.015346,-15.635913
6.014225,-15.665892
6.013206,-15.695875
6.012267,-15.725860
6.011439,-15.755849
6.010680,-15.785839
6.010009,-15.815832
6.009447,-15.845827
6.009037,-15.875824
6.008712,-15.905822
6.008441,-15.935821
6.008291,-15.965820
6.008218,-15.995820
6.008248,-16.025820
6.008377,-16.055820
6.008584,-16.085819
6.008850,-16.115818
6.009231,-16.145816
6.009680,-16.175812
6.010230,-16.205807
6.010855,-16.235801
6.011544,-16.265793
6.012316,-16.295783
6.013162,-16.325771
6.014104,-16.355756
6.015130,-16.385739
6.016219,-16.415719
6.017376,-16.445697
6.018614,-16.475671
6.019895,-16.505644
6.021256,-16.535613
6.022696,-16.565578
6.024213,-16.595540
6.025788,-16.625498
6.027448,-16.655453
6.029132,-16.685405
6.030887,-16.715354
6.032726,-16.745297
6.034612,-16.775238
6.036557,-16.805175
6.038593,-16.835106
6.040687,-16.865033
6.042888,-16.894952
6.045152,-16.924866
6.047468,-16.954777
6.049833,-16.984683
6.052266,-17.014585
6.054757,-17.044481
6.057344,-17.074369
6.059982,-17.104253
6.062659,-17.134133
6.065438,-17.164004
6.068283,-17.193869
6.071155,-17.223731
6.074102,-17.253586
6.077096,-17.283436
6.080165,-17.313279
6.083314,-17.343113
6.086533,-17.372940
6.089806,-17.402761
6.093146,-17.432574
6.096552,-17.462381
6.100033,-17.492178
6.103575,-17.521968
6.107173,-17.551752
6.110846,-17.581526
6.114593,-17.611291
6.118425,-17.641045
6.122308,-17.670793
6.126251,-17.700533
6.130249,-17.730265
6.134283,-17.759992
6.138377,-17.789712
6.142543,-17.819421
6.146801,-17.849117
6.151121,-17.878805
6.155503,-17.908483
6.159944,-17.938153
6.164391,-17.967821
6.168926,-17.997476
6.173475,-18.027129
6.178105,-18.056770
6.182759,-18.086407
6.187492,-18.116031
6.192272,-18.145648
6.197071,-18.175262
6.201917,-18.204868
6.206809,-18.234466
6.211762,-18.264054
6.216759,-18.293635
6.221833,-18.323203
6.226932,-18.352766
6.232102,-18.382318
6.237369,-18.411852
6.242669,-18.441380
6.248021,-18.470899
6.253403,-18.500412
6.258858,-18.529912
6.264334,-18.559408
6.269875,-18.588892
6.275435,-18.618372
6.281047,-18.647842
6.286684,-18.677308
6.292419,-18.706755
6.298192,-18.736194
6.303982,-18.765630
6.309804,-18.795060
6.315648,-18.824485
6.321529,-18.853903
6.327444,-18.883314
6.333369,-18.912723
6.339303,-18.942130
6.345301,-18.971524
6.351313,-19.000916
6.357351,-19.030302
6.363393,-19.059687
6.369486,-19.089062
6.375601,-19.118432
6.381748,-19.147796
6.387905,-19.177157
6.394112,-19.206508
6.400327,-19.235857
6.406573,-19.265200
6.412834,-19.294539
6.419104,-19.323877
6.425407,-19.353207
6.431709,-19.382538
6.438047,-19.411860
6.444409,-19.441178
6.450798,-19.470490
6.457199,-19.499799
6.463607,-19.529107
6.470043,-19.558408
6.476472,-19.587711
6.482928,-19.617008
6.489394,-19.646303
6.495896,-19.675590
6.502423,-19.704871
6.508962,-19.734150
6.515512,-19.763426
6.522051,-19.792705
6.528596,-19.821982
6.535153,-19.851257
6.541717,-19.880530
6.548295,-19.909800
6.554883,-19.939068
6.561471,-19.968335
6.568041,-19.997607
6.574612,-20.026879
6.581178,-20.056151
6.587735,-20.085426
6.594297,-20.114700
6.600842,-20.143977
6.607350,-20.173263
6.613823,-20.202556
6.620347,-20.231838
6.626828,-20.261130
6.633336,-20.290415
6.639836,-20.319702
6.646344,-20.348988
6.652843,-20.378276
6.659313,-20.407570
6.665780,-20.436864
6.672210,-20.466167
6.678584,-20.495482
6.684936,-20.524802
6.691239,-20.554132
6.697487,-20.583475
6.703725,-20.612819
6.709915,-20.642173
6.716068,-20.671536
6.722177,-20.700907
6.728226,-20.730291
6.734265,-20.759677
6.740259,-20.789072
6.746224,-20.818473
6.752161,-20.847880
6.758025,-20.877301
6.763904,-20.906719
6.769749,-20.936144
6.775569,-20.965574
6.781365,-20.995009
6.787114,-21.024453
6.792827,-21.053904
6.798494,-21.083364
6.804111,-21.112833
6.809684,-21.142311
6.815290,-21.171783
6.820881,-21.201257
6.826478,-21.230730
6.832019,-21.260214
6.837418,-21.289725
6.842774,-21.319243
6.847968,-21.348789
6.853072,-21.378352
6.858028,-21.407940
6.862884,-21.437544
6.867557,-21.467178
6.872108,-21.496831
6.876511,-21.526506
6.880725,-21.556209
6.884806,-21.585930
6.888767,-21.615667
6.892464,-21.645438
6.895865,-21.675245
6.899062,-21.705074
6.901989,-21.734931
6.904656,-21.764812
6.906875,-21.794730
6.908611,-21.824680
6.909792,-21.854657
6.910272,-21.884653
6.910036,-21.914652
6.909065,-21.944636
6.907281,-21.974583
6.904643,-22.004467
6.901219,-22.034271
6.896956,-22.063966
6.891819,-22.093523
6.885885,-22.122931
6.879271,-22.152192
6.871945,-22.181284
6.863893,-22.210183
6.855048,-22.238850
6.845362,-22.267243
6.835000,-22.295397
6.823781,-22.323220
6.811616,-22.350643
6.798620,-22.377682
6.784960,-22.404392
6.770516,-22.430686
6.755761,-22.456806
6.740354,-22.482547
6.724341,-22.507917
6.708177,-22.533190
6.691662,-22.558235
6.674757,-22.583018
6.657596,-22.607625
6.639879,-22.631835
6.621940,-22.655880
6.603898,-22.679849
6.585657,-22.703666
6.567321,-22.727411
6.548546,-22.750809
6.529497,-22.773986
6.510535,-22.797232
6.491275,-22.820234
6.471821,-22.843071
6.452223,-22.865785
6.432501,-22.888391
6.412631,-22.910868
6.392629,-22.933226
6.372392,-22.955373
6.352112,-22.977480
6.331576,-22.999349
6.310880,-23.021067
6.289960,-23.042569
6.268730,-23.063766
6.247270,-23.084730
6.225458,-23.105326
6.203331,-23.125585
6.180874,-23.145476
6.158138,-23.165049
6.134980,-23.184120
6.111582,-23.202896
6.087866,-23.221268
6.063863,-23.239264
6.039553,-23.256843
6.015000,-23.274082
5.990156,-23.290897
5.965171,-23.307503
5.939972,-23.323783
5.914701,-23.339950
5.889294,-23.355902
5.863714,-23.371576
5.837994,-23.387018
5.812135,-23.402227
5.786148,-23.417217
5.760050,-23.432012
5.733824,-23.446578
5.707495,-23.460959
5.681107,-23.475231
5.654629,-23.489334
5.628060,-23.503267
5.601376,-23.516975
5.574586,-23.530478
5.547716,-23.543819
5.520734,-23.556932
5.493627,-23.569786
5.466445,-23.582480
5.439181,-23.594998
5.411819,-23.607300
5.384356,-23.619373
5.356735,-23.631081
5.328976,-23.642458
5.301119,-23.653592
5.273162,-23.664473
5.245104,-23.675093
5.216922,-23.685379
5.188629,-23.695352
5.160106,-23.704649
5.131412,-23.713404
5.102525,-23.721499
5.073441,-23.728858
5.044206,-23.735589
5.014795,-23.741505
4.985208,-23.746463
4.955460,-23.750348
4.925581,-23.753034
4.895625,-23.754671
4.865633,-23.755328
4.835633,-23.755254
4.805646,-23.754362
4.775705,-23.752474
4.745828,-23.749766
4.716060,-23.746042
4.686468,-23.741112
4.657066,-23.735149
4.627969,-23.727845
4.599262,-23.719134
4.570960,-23.709184
4.543110,-23.698031
4.515813,-23.685585
4.488822,-23.672491
4.462320,-23.658432
4.436127,-23.643806
4.410309,-23.628527
4.384807,-23.612727
4.359789,-23.596172
4.335128,-23.579087
4.310783,-23.561558
4.286813,-23.543517
4.262947,-23.525340
4.239327,-23.506844
4.216028,-23.487946
4.192979,-23.468743
4.170156,-23.449272
4.147591,-23.429503
4.125245,-23.409487
4.103164,-23.389178
4.081288,-23.368650
4.059757,-23.347759
4.038547,-23.326543
4.017675,-23.304993
3.997090,-23.283170
3.976753,-23.261116
3.956658,-23.238840
3.936801,-23.216352
3.917163,-23.193673
3.897709,-23.170836
3.878464,-23.147822
3.859417,-23.124644
3.840562,-23.101310
3.821908,-23.077815
3.803402,-23.054203
3.785068,-23.030457
3.766896,-23.006587
3.748896,-22.982587
3.731011,-22.958501
3.713293,-22.934292
3.695745,-22.909959
3.678368,-22.885505
3.661119,-22.860959
3.644006,-22.836319
3.627076,-22.811553
3.610380,-22.786628
3.593929,-22.761540
3.577619,-22.736361
3.561473,-22.711077
3.545626,-22.685604
3.530087,-22.659942
3.514771,-22.634146
3.499699,-22.608208
3.484861,-22.582134
3.470179,-22.555972
3.455742,-22.529674
3.441458,-22.503293
3.427337,-22.476824
3.413337,-22.450291
3.399543,-22.423651
3.385895,-22.396935
3.372404,-22.370139
3.359068,-22.343266
3.345888,-22.316317
3.332897,-22.289276
3.320055,-22.262163
3.307330,-22.234996
3.294723,-22.207773
3.282207,-22.180508
3.269777,-22.153205
3.257424,-22.125866
3.245119,-22.098506
3.232884,-22.071114
3.220710,-22.043695
3.208608,-22.016244
3.196553,-21.988773
3.184590,-21.961262
3.172707,-21.933715
3.160885,-21.906143
3.149150,-21.878533
3.137485,-21.850894
3.125903,-21.823220
3.114397,-21.795514
3.102973,-21.767774
3.091599,-21.740014
3.080335,-21.712209
3.069166,-21.684366
3.058058,-21.656498
3.047000,-21.628610
3.035980,-21.600708
3.025028,-21.572778
3.014141,-21.544823
3.003304,-21.516849
2.992528,-21.488851
2.981813,-21.460830
2.971160,-21.432785
2.960585,-21.404711
2.950085,-21.376608
2.939639,-21.348486
2.929263,-21.320337
2.918947,-21.292167
2.908696,-21.263972
2.898542,-21.235743
2.888473,-21.207483
2.878468,-21.179201
2.868522,-21.150897
2.858639,-21.122572
2.848807,-21.094229
2.839065,-21.065855
2.829386,-21.037459
2.819729,-21.009056
2.810142,-20.980629
2.800614,-20.952182
2.791132,-20.923720
2.781730,-20.895232
2.772364,-20.866731
2.763058,-20.838211
2.753838,-20.809663
2.744643,-20.781107
2.735495,-20.752535
2.726381,-20.723953
2.717299,-20.695361
2.708283,-20.666748
2.699339,-20.638112
2.690450,-20.609459
2.681593,-20.580797
2.672767,-20.552124
2.663965,-20.523445
2.655223,-20.494747
2.646527,-20.466035
2.637878,-20.437308
2.629263,-20.408572
2.620701,-20.379820
2.612165,-20.351060
2.603693,-20.322281
2.595261,-20.293490
2.586871,-20.264687
2.578546,-20.235866
2.570271,-20.207029
2.562050,-20.178178
2.553901,-20.149306
2.545793,-20.120422
2.537713,-20.091531
2.529702,-20.062620
2.521741,-20.033696
2.513818,-20.004761
2.505982,-19.975802
2.498188,-19.946833
2.490450,-19.917848
2.482760,-19.888850
2.475159,-19.859829
2.467605,-19.830795
2.460136,-19.801740
2.452746,-19.772664
2.445417,-19.743573
2.438149,-19.714467
2.430931,-19.685349
2.423776,-19.656214
2.416685,-19.627064
2.409620,-19.597908
2.402612,-19.568738
2.395639,-19.539560
2.388729,-19.510366
2.381868,-19.481161
2.375048,-19.451947
2.368270,-19.422723
2.361516,-19.393493
2.354800,-19.364254
2.348112,-19.335009
2.341486,-19.305750
2.334906,-19.276481
2.328363,-19.247203
2.321888,-19.217910
2.315459,-19.188607
2.309082,-19.159292
2.302733,-19.129972
2.296461,-19.100635
2.290239,-19.071287
2.284084,-19.041925
2.277988,-19.012551
2.271949,-18.983165
2.265963,-18.953769
2.260033,-18.924361
2.254164,-18.894940
2.248352,-18.865509
2.242583,-18.836069
2.236878,-18.806616
2.231229,-18.777153
2.225644,-18.747677
2.220117,-18.718191
2.214658,-18.688692
2.209241,-18.659185
2.203869,-18.629670
2.198547,-18.600145
2.193271,-18.570613
2.188058,-18.541069
2.182889,-18.511518
2.177781,-18.481956
2.172720,-18.452386
2.167727,-18.422804
2.162768,-18.393217
2.157864,-18.363621
2.152990,-18.334019
2.148147,-18.304413
2.143354,-18.274798
2.138630,-18.245172
2.133941,-18.215541
2.129279,-18.185905
2.124663,-18.156263
2.120086,-18.126614
2.115556,-18.096958
2.111053,-18.067298
2.106600,-18.037630
2.102172,-18.007959
2.097779,-17.978282
2.093417,-17.948601
2.089077,-17.918917
2.084788,-17.889225
2.080535,-17.859528
2.076321,-17.829825
2.072145,-17.800117
2.067993,-17.770406
2.063894,-17.740687
2.059813,-17.710966
2.055766,-17.681240
2.051740,-17.651512
2.047754,-17.621778
2.043767,-17.592044
2.039809,-17.562306
2.035896,-17.532562
2.032024,-17.502813
2.028188,-17.473060
2.024411,-17.443298
2.020716,-17.413527
2.017034,-17.383753
2.013430,-17.353971
2.009919,-17.324177
2.006453,-17.294378
2.003057,-17.264571
1.999783,-17.234750
1.996592,-17.204920
1.993482,-17.175082
1.990481,-17.145232
1.987616,-17.115369
1.984815,-17.085500
1.982150,-17.055619
1.979571,-17.025730
1.977115,-16.995831
1.974723,-16.965926
1.972437,-16.936013
1.970242,-16.906094
1.968123,-16.876169
1.966073,-16.846239
1.964137,-16.816301
1.962292,-16.786358
1.960579,-16.756407
1.958998,-16.726449
1.957517,-16.696485
1.956165,-16.666516
1.954909,-16.636542
1.953796,-16.606563
1.952805,-16.576579
1.951891,-16.546593
1.951109,-16.516603
1.950416,-16.486611
1.949812,-16.456617
1.949296,-16.426622
1.948868,-16.396625
1.948496,-16.366627
1.948180,-16.336629
1.947909,-16.306630
1.947648,-16.276631
1.947408,-16.246632
1.947184,-16.216633
1.946948,-16.186634
1.946702,-16.156635
1.946422,-16.126636
1.946155,-16.096637
1.945861,-16.066639
1.945567,-16.036640
1.945257,-16.006642
1.944928,-15.976644
1.944553,-15.946646
1.944157,-15.916649
1.943735,-15.886652
1.943296,-15.856655
1.942831,-15.826659
1.942331,-15.796663
1.941821,-15.766667
1.941276,-15.736672
1.940692,-15.706678
1.940076,-15.676684
1.939439,-15.646691
1.938779,-15.616698
1.938099,-15.586706
1.937360,-15.556715
1.936575,-15.526725
1.935736,-15.496737
1.934829,-15.466751
1.933829,-15.436767
1.932772,-15.406786
1.931632,-15.376807
1.930445,-15.346831
1.929193,-15.316857
1.927891,-15.286885
1.926512,-15.256917
1.925035,-15.226954
1.923449,-15.196995
1.921772,-15.167042
1.919971,-15.137096
1.918035,-15.107159
1.915983,-15.077229
1.913760,-15.047312
1.911300,-15.017413
1.908561,-14.987538
1.905625,-14.957682
1.902331,-14.927863
1.898558,-14.898102
1.894218,-14.868417
1.889097,-14.838858
1.882836,-14.809518
1.875520,-14.780424
1.867064,-14.751640
1.857663,-14.723151
1.847529,-14.694915
1.836944,-14.666844
1.825837,-14.638976
1.814058,-14.611385
1.802020,-14.583906
1.789602,-14.556597
1.777005,-14.529370
1.764217,-14.502232
1.751107,-14.475248
1.737916,-14.448304
1.724433,-14.421504
1.710739,-14.394812
1.696969,-14.368159
1.682922,-14.341651
1.668751,-14.315209
1.654502,-14.288809
1.640178,-14.262449
1.625600,-14.236229
1.610808,-14.210130
1.595885,-14.184105
1.580880,-14.158127
1.565571,-14.132327
1.550109,-14.106618
1.534514,-14.080991
1.518847,-14.055406
1.503015,-14.029924
1.486998,-14.004557
1.470936,-13.979220
1.454691,-13.953999
1.438132,-13.928982
1.421450,-13.904049
1.404686,-13.879169
1.387722,-13.854427
1.370632,-13.829770
1.353552,-13.805107
1.336309,-13.780557
1.318940,-13.756097
1.301421,-13.731744
1.283724,-13.707519
1.265861,-13.683417
1.247845,-13.659429
1.229704,-13.635536
1.211391,-13.611773
1.192934,-13.588123
1.174358,-13.564566
1.155599,-13.541154
1.136627,-13.517915
1.117385,-13.494899
1.097775,-13.472196
1.077888,-13.449735
1.057682,-13.427560
1.037090,-13.405743
1.016133,-13.384276
0.994794,-13.363190
0.973150,-13.342416
0.951098,-13.322077
0.928672,-13.302150
0.905815,-13.282719
0.882530,-13.263803
0.858808,-13.245439
0.834653,-13.227647
0.810050,-13.210480
0.785076,-13.193858
0.759802,-13.177695
0.734250,-13.161977
0.708496,-13.146590
0.682564,-13.131505
0.656432,-13.116770
0.630138,-13.102328
0.603745,-13.088065
0.577332,-13.073841
0.550968,-13.059525
0.524550,-13.045308
0.498159,-13.031043
0.471841,-13.016642
0.445602,-13.002099
0.419414,-12.987464
0.393293,-12.972710
0.367236,-12.957843
0.341301,-12.942764
0.315525,-12.927414
0.289975,-12.911691
0.264652,-12.895606
0.239449,-12.879333
0.214401,-12.862822
0.189523,-12.846057
0.164792,-12.829075
0.140203,-12.811888
0.115809,-12.794426
0.091555,-12.776770
0.067350,-12.759047
0.043406,-12.740972
0.019638,-12.722667
-0.004059,-12.704270
-0.027626,-12.685707
-0.051051,-12.666964
-0.074278,-12.647978
-0.097316,-12.628761
-0.120235,-12.609403
-0.142937,-12.589792
-0.165493,-12.570012
-0.187903,-12.550068
-0.210161,-12.529953
-0.232293,-12.509701
-0.254254,-12.489263
-0.276143,-12.468748
-0.297810,-12.447998
-0.319361,-12.427128
-0.340683,-12.406024
-0.361811,-12.384726
-0.382736,-12.363228
-0.403413,-12.341492
-0.423864,-12.319543
-0.444130,-12.297424
-0.464182,-12.275109
-0.484092,-12.252669
-0.503800,-12.230050
-0.523242,-12.207203
-0.542504,-12.184204
-0.561583,-12.161052
-0.580522,-12.137786
-0.599267,-12.114363
-0.617833,-12.090798
-0.636189,-12.067069
-0.654326,-12.043173
-0.672334,-12.019178
-0.690259,-11.995122
-0.708066,-11.970979
-0.725650,-11.946672
-0.743168,-11.922318
-0.760563,-11.897877
-0.777794,-11.873319
-0.794873,-11.848655
-0.811783,-11.823875
-0.828523,-11.798979
-0.845110,-11.773982
-0.861627,-11.748938
-0.878004,-11.723803
-0.894274,-11.698598
-0.910412,-11.673308
-0.926309,-11.647866
-0.942046,-11.622325
-0.957630,-11.596691
-0.973090,-11.570981
-0.988412,-11.545188
-1.003637,-11.519339
-1.018709,-11.493400
-1.033668,-11.467396
-1.048477,-11.441305
-1.063110,-11.415116
-1.077601,-11.388848
-1.091954,-11.362504
-1.106188,-11.336096
-1.120310,-11.309628
-1.134329,-11.283105
-1.148219,-11.256514
-1.161996,-11.229865
-1.175687,-11.203171
-1.189312,-11.176444
-1.202856,-11.149675
-1.216339,-11.122875
-1.229751,-11.096041
-1.243076,-11.069162
-1.256325,-11.042246
-1.269518,-11.015303
-1.282651,-10.988331
-1.295711,-10.961322
-1.308698,-10.934279
-1.321594,-10.907192
-1.334409,-10.880067
-1.347183,-10.852922
-1.359927,-10.825764
-1.372610,-10.798577
-1.385226,-10.771359
-1.397737,-10.744092
-1.410166,-10.716787
-1.422548,-10.689462
-1.434885,-10.662116
-1.447201,-10.634761
-1.459527,-10.607410
-1.471823,-10.580046
-1.484030,-10.552641
-1.496134,-10.525192
-1.508220,-10.497733
-1.520295,-10.470271
-1.532308,-10.442781
-1.544245,-10.415258
-1.556139,-10.387717
-1.567971,-10.360149
-1.579668,-10.332523
-1.591257,-10.304852
-1.602723,-10.277129
-1.614054,-10.249352
-1.625248,-10.221518
-1.636263,-10.193614
-1.647123,-10.165648
-1.657840,-10.137628
-1.668169,-10.109462
-1.678021,-10.081126
-1.686989,-10.052498
-1.694864,-10.023550
-1.701380,-9.994266
-1.706442,-9.964696
-1.710119,-9.934922
-1.712289,-9.905001
-1.713485,-9.875025
-1.713462,-9.845025
-1.712575,-9.815038
-1.711042,-9.785077
-1.709014,-9.755146
-1.706549,-9.725247
-1.703658,-9.695387
-1.700382,-9.665566
-1.696729,-9.635789
-1.692866,-9.606039
-1.688686,-9.576332
-1.684448,-9.546633
-1.680071,-9.516954
-1.675252,-9.487343
-1.670137,-9.457782
-1.664805,-9.428260
-1.659509,-9.398731
-1.654072,-9.369228
-1.648529,-9.339745
-1.643033,-9.310252
-1.637515,-9.280764
-1.631942,-9.251286
-1.626097,-9.221861
-1.620205,-9.192445
-1.614129,-9.163067
-1.607882,-9.133725
-1.601557,-9.104399
-1.595164,-9.075088
-1.588648,-9.045804
-1.582004,-9.016549
-1.575261,-8.987317
-1.568487,-8.958092
-1.561570,-8.928900
-1.554571,-8.899728
-1.547404,-8.870597
-1.540132,-8.841491
-1.532695,-8.812428
-1.525076,-8.783411
-1.517383,-8.754415
-1.509390,-8.725499
-1.501284,-8.696615
-1.492847,-8.667826
-1.484313,-8.639065
-1.475582,-8.610364
-1.466835,-8.581667
-1.457872,-8.553037
-1.448832,-8.524432
-1.439612,-8.495884
-1.430267,-8.467376
-1.420780,-8.438916
-1.411237,-8.410474
-1.401557,-8.382079
-1.391822,-8.353702
-1.382047,-8.325340
-1.372256,-8.296982
-1.362399,-8.268648
-1.352483,-8.240334
-1.342490,-8.212047
-1.332461,-8.183773
-1.322347,-8.155530
-1.312187,-8.127302
-1.301908,-8.099118
-1.291577,-8.070953
-1.281198,-8.042806
-1.270741,-8.014687
-1.260285,-7.986568
-1.249811,-7.958456
-1.239267,-7.930370
-1.228706,-7.902290
-1.218110,-7.874224
-1.207465,-7.846176
-1.196793,-7.818138
-1.186106,-7.790107
-1.175326,-7.762110
-1.164584,-7.734100
-1.153738,-7.706129
-1.142848,-7.678175
-1.131917,-7.650237
-1.120891,-7.622337
-1.109751,-7.594482
-1.098605,-7.566629
-1.087349,-7.538821
-1.075950,-7.511071
-1.064432,-7.483370
-1.052823,-7.455708
-1.041070,-7.428106
-1.029263,-7.400527
-1.017323,-7.373005
-1.005340,-7.345502
-0.993305,-7.318022
-0.981198,-7.290574
-0.969034,-7.263150
-0.956822,-7.235748
-0.944495,-7.208398
-0.932158,-7.181052
-0.919786,-7.153722
-0.907331,-7.126430
-0.894759,-7.099191
-0.882156,-7.071967
-0.869481,-7.044776
-0.856796,-7.017589
-0.844091,-6.990413
-0.831327,-6.963263
-0.818431,-6.936176
-0.805416,-6.909147
-0.792317,-6.882158
-0.779087,-6.855232
-0.765780,-6.828345
-0.752335,-6.801526
-0.738709,-6.774800
-0.723860,-6.748732
-0.708191,-6.723150
-0.691869,-6.697978
-0.675233,-6.673014
-0.658326,-6.648231
-0.641210,-6.623593
-0.623931,-6.599069
-0.606521,-6.574637
-0.589009,-6.550279
-0.571415,-6.525980
-0.553757,-6.501727
-0.536047,-6.477512
-0.518296,-6.453328
-0.500512,-6.429167
-0.482701,-6.405026
-0.464870,-6.380901
-0.447021,-6.356788
-0.429158,-6.332686
-0.411284,-6.308592
-0.393401,-6.284505
-0.375511,-6.260423
-0.357864,-6.236162
-0.340381,-6.211783
-0.323036,-6.187305
-0.305804,-6.162748
-0.288664,-6.138126
-0.271599,-6.113453
-0.254595,-6.088737
-0.237641,-6.063987
-0.220730,-6.039208
-0.203852,-6.014406
-0.187003,-5.989584
-0.170178,-5.964746
-0.153372,-5.939895
-0.136583,-5.915033
-0.119808,-5.890162
-0.103044,-5.865283
-0.086289,-5.840397
-0.069544,-5.815506
-0.052805,-5.790610
-0.036072,-5.765710
-0.019345,-5.740806
-0.002622,-5.715899
0.014096,-5.690990
0.030811,-5.666077
0.047523,-5.641163
0.063908,-5.616033
0.080063,-5.590754
0.096015,-5.565347
0.111793,-5.539831
0.127422,-5.514224
0.142923,-5.488539
0.158313,-5.462787
0.173606,-5.436978
0.188817,-5.411120
0.203954,-5.385219
0.219028,-5.359281
0.234047,-5.333311
0.249016,-5.307312
0.263941,-5.281289
0.278828,-5.255243
0.293681,-5.229178
0.308120,-5.202881
0.322259,-5.176422
0.336121,-5.149817
0.349739,-5.123086
0.363139,-5.096245
0.376345,-5.069307
0.389375,-5.042285
0.402248,-5.015187
0.414114,-4.987634
0.425235,-4.959771
0.435664,-4.931642
0.444993,-4.903130
0.453430,-4.874340
0.461057,-4.845326
0.466893,-4.815899
0.471337,-4.786230
0.474515,-4.756399
0.475766,-4.726425
0.475475,-4.696427
0.473807,-4.666473
0.470936,-4.636611
0.466077,-4.607007
0.459673,-4.577698
0.451914,-4.548719
0.442603,-4.520200
0.432037,-4.492123
0.420387,-4.464477
0.407808,-4.437241
0.393726,-4.410752
0.378506,-4.384900
0.362308,-4.359648
0.345290,-4.334942
0.327574,-4.310732
0.308891,-4.287260
0.289459,-4.264404
0.269384,-4.242110
0.248768,-4.220316
0.227688,-4.198970
0.206212,-4.178023
0.184394,-4.157433
0.161695,-4.137818
0.138359,-4.118965
0.114473,-4.100814
0.090125,-4.083288
0.065383,-4.066321
0.040306,-4.049855
0.014563,-4.034450
-0.011666,-4.019890
-0.038312,-4.006105
-0.065305,-3.993014
-0.092592,-3.980548
-0.120417,-3.969334
-0.148624,-3.959117
-0.177147,-3.949818
-0.205924,-3.941340
-0.234908,-3.933600
-0.264062,-3.926527
-0.293697,-3.921858
-0.323557,-3.918965
-0.353529,-3.917661
-0.383528,-3.917722
-0.413503,-3.918965
-0.443383,-3.921640
-0.473138,-3.925468
-0.502747,-3.930297
-0.532146,-3.936272
-0.561342,-3.943171
-0.590339,-3.950863
-0.619062,-3.959522
-0.647548,-3.968933
-0.675816,-3.978978
-0.703892,-3.989549
-0.731798,-4.000560
-0.759553,-4.011947
-0.787178,-4.023645
-0.814691,-4.035604
-0.842109,-4.047782
-0.869444,-4.060143
-0.896709,-4.072658
-0.923913,-4.085304
-0.951065,-4.098061
-0.978173,-4.110913
-1.005243,-4.123844
-1.032280,-4.136844
-1.059289,-4.149903
-1.086273,-4.163013
-1.113236,-4.176166
-1.140180,-4.189357
-1.167126,-4.202545
-1.194071,-4.215734
-1.221015,-4.228925
-1.247959,-4.242118
-1.274902,-4.255311
-1.301845,-4.268505
-1.328788,-4.281700
-1.355730,-4.294895
-1.382671,-4.308092
-1.409613,-4.321288
-1.436554,-4.334486
-1.463495,-4.347683
-1.490436,-4.360881
-1.517406,-4.374020
-1.544397,-4.387116
-1.571406,-4.400173
-1.598433,-4.413195
-1.625473,-4.426187
-1.652527,-4.439152
-1.679593,-4.452093
-1.706668,-4.465012
-1.733753,-4.477912
-1.760847,-4.490794
-1.787948,-4.503660
-1.815108,-4.516400
-1.842313,-4.529046
-1.869558,-4.541604
-1.896838,-4.554085
-1.923858,-4.567120
-1.950663,-4.580592
-1.977322,-4.594351
-2.003881,-4.608302
-2.030307,-4.622503
-2.056654,-4.636850
-2.082941,-4.651307
-2.109172,-4.665864
-2.135385,-4.680454
-2.161578,-4.695081
-2.187766,-4.709716
-2.213966,-4.724329
-2.240191,-4.738898
-2.266443,-4.753419
-2.292725,-4.767885
-2.319041,-4.782289
-2.345421,-4.796575
-2.371857,-4.810757
-2.398344,-4.824844
-2.424888,-4.838823
-2.451492,-4.852687
-2.478156,-4.866436
-2.504900,-4.880029
-2.531701,-4.893509
-2.558570,-4.906851
-2.585477,-4.920118
-2.612403,-4.933348
-2.639362,-4.946508
-2.666346,-4.959619
-2.693376,-4.972633
-2.720439,-4.985580
-2.747539,-4.998446
-2.774653,-5.011287
-2.801803,-5.024048
-2.828949,-5.036818
-2.856102,-5.049575
-2.883246,-5.062350
-2.910391,-5.075123
-2.937571,-5.087821
-2.964760,-5.100499
-2.991948,-5.113181
-3.019176,-5.125776
-3.046452,-5.138268
-3.073798,-5.150605
-3.101346,-5.162482
-3.129105,-5.173860
-3.157170,-5.184459
-3.185411,-5.194582
-3.214000,-5.203673
-3.242894,-5.211744
-3.272096,-5.218617
-3.301568,-5.224224
-3.331230,-5.228712
-3.361058,-5.231916
-3.390973,-5.234177
-3.420950,-5.235360
-3.450949,-5.235534
-3.480945,-5.235004
-3.510915,-5.233669
-3.540854,-5.231757
-3.570734,-5.229081
-3.600552,-5.225780
-3.630302,-5.221917
-3.659966,-5.217435
-3.689535,-5.212369
-3.719044,-5.206967
-3.748428,-5.200918
-3.777720,-5.194438
-3.806884,-5.187403
-3.835925,-5.179880
-3.864891,-5.172073
-3.893740,-5.163842
-3.922502,-5.155312
-3.951196,-5.146556
-3.979792,-5.137488
-4.008344,-5.128279
-4.036789,-5.118747
-4.065162,-5.109001
-4.093356,-5.098748
-4.121428,-5.088167
-4.149410,-5.077352
-4.177254,-5.066184
-4.204937,-5.054621
-4.232553,-5.042902
-4.260039,-5.030881
-4.287447,-5.018683
-4.314718,-5.006182
-4.341813,-4.993302
-4.368726,-4.980047
-4.395524,-4.966561
-4.422143,-4.952725
-4.448652,-4.938680
-4.474997,-4.924329
-4.501126,-4.909590
-4.527092,-4.894564
-4.552748,-4.879016
-4.578122,-4.863010
-4.603349,-4.846774
-4.628158,-4.829906
-4.652720,-4.812681
-4.676943,-4.794982
-4.700804,-4.776798
-4.724292,-4.758135
-4.747386,-4.738986
-4.770074,-4.719359
-4.792482,-4.699412
-4.814489,-4.679024
-4.836084,-4.658199
-4.857333,-4.637021
-4.878174,-4.615443
-4.898580,-4.593452
-4.918577,-4.571089
-4.938227,-4.548419
-4.957623,-4.525533
-4.976559,-4.502264
-4.995099,-4.478679
-5.013341,-4.454863
-5.031230,-4.430780
-5.048650,-4.406356
-5.065689,-4.381664
-5.082356,-4.356720
-5.098707,-4.331567
-5.114746,-4.306215
-5.130453,-4.280655
-5.145828,-4.254895
-5.160755,-4.228872
-5.175211,-4.202585
-5.189188,-4.176040
-5.202781,-4.149296
-5.215651,-4.122197
-5.227867,-4.094796
-5.239351,-4.067081
-5.250273,-4.039140
-5.260587,-4.010969
-5.270397,-3.982618
-5.279701,-3.954097
-5.288479,-3.925410
-5.296502,-3.896503
-5.303865,-3.867421
-5.310588,-3.838184
-5.316691,-3.808811
-5.322129,-3.779308
-5.326922,-3.749693
-5.331069,-3.719981
-5.334575,-3.690187
-5.337449,-3.660325
-5.339668,-3.630407
-5.340881,-3.600432
-5.341245,-3.570434
-5.341250,-3.540434
-5.340785,-3.510437
-5.339971,-3.480448
-5.338222,-3.450500
-5.335792,-3.420598
-5.332593,-3.390769
-5.328684,-3.361025
-5.324171,-3.331366
-5.319151,-3.301789
-5.313729,-3.272283
-5.308006,-3.242834
-5.301700,-3.213505
-5.294957,-3.184272
-5.287860,-3.155124
-5.280023,-3.126165
-5.271448,-3.097417
-5.262217,-3.068872
-5.252387,-3.040529
-5.241963,-3.012398
-5.231040,-2.984457
-5.219742,-2.956666
-5.208042,-2.929042
-5.195994,-2.901567
-5.183548,-2.874271
-5.170815,-2.847107
-5.157673,-2.820138
-5.144304,-2.793282
-5.130610,-2.766590
-5.116569,-2.740078
-5.102088,-2.713805
-5.087066,-2.687837
-5.071690,-2.662077
-5.055863,-2.636591
-5.039557,-2.611410
-5.022738,-2.586568
-5.005434,-2.562062
-4.987704,-2.537861
-4.969666,-2.513889
-4.951316,-2.490156
-4.932634,-2.466683
-4.913592,-2.443501
-4.894267,-2.420555
-4.874717,-2.397800
-4.855016,-2.375175
-4.835142,-2.352703
-4.815176,-2.330311
-4.794963,-2.308143
-4.774618,-2.286095
-4.754078,-2.264230
-4.733445,-2.242452
-4.712604,-2.220873
-4.691641,-2.199412
-4.670480,-2.178148
-4.649059,-2.157143
-4.627483,-2.136300
-4.605724,-2.115647
-4.583813,-2.095155
-4.561683,-2.074901
-4.539410,-2.054802
-4.516989,-2.034870
-4.494549,-2.014959
-4.471992,-1.995180
-4.449345,-1.975505
-4.426567,-1.955982
-4.403652,-1.936620
-4.380644,-1.917368
-4.357507,-1.898272
-4.334279,-1.879286
-4.310959,-1.860413
-4.287529,-1.841677
-4.264008,-1.823055
-4.240384,-1.804565
-4.216663,-1.786199
-4.192880,-1.767913
-4.168990,-1.749767
-4.145013,-1.731737
-4.120972,-1.713791
-4.096868,-1.695931
-4.072673,-1.678194
-4.048365,-1.660613
-4.023999,-1.643111
-3.999536,-1.625745
-3.974982,-1.608509
-3.950346,-1.591390
-3.925642,-1.574369
-3.900855,-1.557468
-3.876000,-1.540669
-3.851047,-1.524015
-3.825990,-1.507518
-3.800848,-1.491151
-3.775663,-1.474851
-3.750416,-1.458646
-3.725104,-1.442543
-3.699714,-1.426564
-3.674254,-1.410696
-3.648703,-1.394974
-3.623098,-1.379341
-3.597442,-1.363793
-3.571716,-1.348360
-3.545924,-1.333037
-3.520072,-1.317817
-3.494151,-1.302714
-3.468162,-1.287728
-3.442124,-1.272828
-3.416031,-1.258023
-3.389887,-1.243310
-3.363684,-1.228701
-3.337428,-1.214189
-3.311144,-1.199728
-3.284806,-1.185364
-3.258424,-1.171082
-3.231974,-1.156925
-3.205465,-1.142880
-3.178926,-1.128890
-3.152329,-1.115012
-3.125693,-1.101210
-3.098994,-1.087529
-3.072255,-1.073926
-3.045488,-1.060379
-3.018654,-1.046964
-2.991773,-1.033646
-2.964841,-1.020430
-2.937844,-1.007347
-2.910802,-0.994358
-2.883741,-0.981407
-2.856653,-0.968514
-2.829518,-0.955720
-2.802368,-0.942957
-2.775187,-0.930262
-2.747971,-0.917640
-2.720700,-0.905138
-2.693411,-0.892675
-2.666064,-0.880341
-2.638708,-0.868026
-2.611320,-0.855784
-2.583865,-0.843692
-2.556356,-0.831721
-2.528830,-0.819792
-2.501262,-0.807961
-2.473657,-0.796214
-2.446033,-0.784514
-2.418389,-0.772859
-2.390698,-0.761317
-2.362968,-0.749869
-2.335228,-0.738448
-2.307472,-0.727063
-2.279668,-0.715797
-2.251835,-0.704601
-2.223981,-0.693459
-2.196103,-0.682378
-2.168206,-0.671342
-2.140294,-0.660345
-2.112359,-0.649407
-2.084379,-0.638587
-2.056362,-0.627858
-2.028317,-0.617208
-2.000248,-0.606618
-1.972160,-0.596079
-1.944020,-0.585679
-1.915845,-0.575376
-1.887654,-0.565116
-1.859439,-0.554923
-1.831191,-0.544821
-1.802914,-0.534799
-1.774606,-0.524866
-1.746276,-0.514996
-1.717933,-0.505166
-1.689558,-0.495426
-1.661149,-0.485786
-1.632720,-0.476206
-1.604271,-0.466684
-1.575798,-0.457233
-1.547288,-0.447897
-1.518750,-0.438646
-1.490202,-0.429427
-1.461637,-0.420260
-1.433040,-0.411192
-1.404420,-0.402197
-1.375779,-0.393271
-1.347133,-0.384359
-1.318462,-0.375528
-1.289782,-0.366729
-1.261088,-0.357973
-1.232382,-0.349257
-1.203649,-0.340632
-1.174894,-0.332077
-1.146127,-0.323567
-1.117339,-0.315124
-1.088536,-0.306734
-1.059714,-0.298409
-1.030880,-0.290129
-1.002022,-0.281930
-0.973151,-0.273775
-0.944267,-0.265671
-0.915377,-0.257584
-0.886466,-0.249576
-0.857532,-0.241648
-0.828578,-0.233795
-0.799614,-0.225980
-0.770637,-0.218212
-0.741650,-0.210484
-0.712649,-0.202807
-0.683640,-0.195160
-0.654617,-0.187566
-0.625595,-0.179968
-0.596557,-0.172430
-0.567504,-0.164954
-0.538446,-0.157493
-0.509372,-0.150097
-0.480281,-0.142768
-0.451172,-0.135512
-0.422043,-0.128336
-0.392890,-0.121257
-0.363724,-0.114234
-0.334541,-0.107278
-0.305341,-0.100397
-0.276119,-0.093610
-0.246869,-0.086943
-0.217593,-0.080394
-0.188297,-0.073930
-0.158984,-0.067549
-0.129646,-0.061282
-0.100288,-0.055107
-0.070911,-0.049025
-0.041522,-0.043004
-0.012116,-0.037063
0.017310,-0.031219
0.046757,-0.025489
0.076220,-0.019837
0.105701,-0.014279
0.135198,-0.008810
0.164710,-0.003423
0.194235,0.001899
0.223778,0.007116
0.253334,0.012255
0.282903,0.017323
0.312489,0.022292
0.342087,0.027185
0.371692,0.032037
0.401307,0.036829
0.430932,0.041553
0.460564,0.046241
0.490204,0.050876
0.519851,0.055463
0.549508,0.059988
0.579173,0.064459
0.608844,0.068885
0.638525,0.073252
0.668215,0.077551
0.697917,0.081771
0.727632,0.085896
0.757366,0.089885
0.787110,0.093793
0.816865,0.097620
0.846627,0.101391
0.876402,0.105055
0.906193,0.108591
0.936001,0.111981
0.965819,0.115281
0.995648,0.118483
1.025484,0.121610
1.055331,0.124636
1.085191,0.127535
1.115059,0.130347
1.144932,0.133106
1.174812,0.135778
1.204698,0.138394
1.234595,0.140877
1.264503,0.143225
1.294418,0.145478
1.324338,0.147667
1.354264,0.149781
1.384198,0.151773
1.414141,0.153613
1.444093,0.155304
1.474050,0.156924
1.504009,0.158488
1.533975,0.159918
1.563948,0.161191
1.593927,0.162300
1.623911,0.163283
1.653900,0.164086
1.683892,0.164778
1.713889,0.165218
1.743889,0.165416
1.773889,0.165403
1.803887,0.165139
1.833883,0.164649
1.863871,0.163784
1.893847,0.162593
1.923811,0.161123
1.953764,0.159443
1.983705,0.157555
2.013635,0.155519
2.043555,0.153326
2.073458,0.150918
2.103348,0.148347
2.133223,0.145606
2.163081,0.142698
2.192926,0.139650
2.222754,0.136439
2.252572,0.133145
2.282387,0.129815
2.312191,0.126390
2.341975,0.122800
2.371759,0.119201
2.401529,0.115495
2.431278,0.111621
2.461006,0.107593
2.490713,0.103410
2.520390,0.099023
2.550036,0.094427
2.579661,0.089697
2.609264,0.084835
2.638844,0.079832
2.668393,0.074647
2.697918,0.069331
2.727442,0.064005
2.756936,0.058523
2.786397,0.052857
2.815823,0.047021
2.845231,0.041088
2.874604,0.034986
2.903970,0.028850
2.933311,0.022600
2.962640,0.016289
2.991940,0.009848
3.021222,0.003324
3.050481,-0.003304
3.079714,-0.010043
3.108945,-0.016792
3.138138,-0.023706
3.167307,-0.030717
3.196431,-0.037913
3.225531,-0.045208
3.254598,-0.052632
3.283626,-0.060204
3.312633,-0.067859
3.341600,-0.075664
3.370520,-0.083640
3.399426,-0.091667
3.428273,-0.099905
3.457099,-0.108217
3.485849,-0.116786
3.514543,-0.125540
3.543198,-0.134422
3.571808,-0.143450
3.600373,-0.152617
3.628902,-0.161895
3.657384,-0.171318
3.685825,-0.180863
3.714232,-0.190509
3.742585,-0.200311
3.770917,-0.210176
3.799202,-0.220175
3.827457,-0.230255
3.855657,-0.240492
3.883814,-0.250844
3.911916,-0.261346
3.939949,-0.272030
3.967955,-0.282785
3.995902,-0.293692
4.023801,-0.304722
4.051666,-0.315835
4.079474,-0.327093
4.107239,-0.338455
4.134959,-0.349928
4.162605,-0.361576
4.190212,-0.373317
4.217768,-0.385177
4.245274,-0.397154
4.272745,-0.409209
4.300182,-0.421342
4.327555,-0.433619
4.354865,-0.446035
4.382119,-0.458575
4.409320,-0.471227
4.436462,-0.484007
4.463557,-0.496886
4.490623,-0.509824
4.517656,-0.522834
4.544650,-0.535922
4.571581,-0.549140
4.598459,-0.562466
4.625310,-0.575847
4.652117,-0.589314
4.678881,-0.602867
4.705601,-0.616507
4.732272,-0.630242
4.758885,-0.644089
4.785440,-0.658048
4.811984,-0.672026
4.838461,-0.686133
4.864903,-0.700304
4.891276,-0.714603
4.917607,-0.728980
4.943860,-0.743497
4.970100,-0.758039
4.996281,-0.772687
5.022406,-0.787435
5.048520,-0.802200
5.074571,-0.817079
5.100575,-0.832039
5.126500,-0.847134
5.152395,-0.862282
5.178239,-0.877517
5.203994,-0.892901
5.229717,-0.908339
5.255404,-0.923836
5.281027,-0.939439
5.306610,-0.955109
5.332109,-0.970914
5.357538,-0.986831
5.382985,-1.002720
5.408336,-1.018762
5.433673,-1.034824
5.458971,-1.050949
5.484222,-1.067148
5.509393,-1.083469
5.534542,-1.099826
5.559652,-1.116243
5.584690,-1.132769
5.609665,-1.149390
5.634572,-1.166112
5.659417,-1.182926
5.684210,-1.199818
5.708970,-1.216756
5.733715,-1.233718
5.758409,-1.250753
5.783041,-1.267879
5.807590,-1.285122
5.832123,-1.302388
5.856591,-1.319746
5.881013,-1.337170
5.905370,-1.354683
5.929634,-1.372327
5.953854,-1.390028
5.978030,-1.407792
6.002149,-1.425633
6.026209,-1.443552
6.050217,-1.461542
6.074183,-1.479587
6.098084,-1.497718
6.121953,-1.515891
6.145763,-1.534142
6.169512,-1.552472
6.193201,-1.570880
6.216829,-1.589365
6.240427,-1.607889
6.263990,-1.626456
6.287514,-1.645075
6.310978,-1.663768
6.334409,-1.682502
6.357812,-1.701273
6.381154,-1.720118
6.404475,-1.738990
6.427755,-1.757911
6.451054,-1.776810
6.474316,-1.795754
6.497506,-1.814786
6.520686,-1.833830
6.543841,-1.852905
6.566947,-1.872040
6.589978,-1.891264
6.612968,-1.910537
6.635904,-1.929874
6.658765,-1.949301
6.681581,-1.968779
6.704350,-1.988313
6.727042,-2.007936
6.749715,-2.027582
6.772349,-2.047272
6.794947,-2.067004
6.817481,-2.086808
6.839938,-2.106700
6.862370,-2.126620
6.884718,-2.146634
6.906987,-2.166735
6.929203,-2.186897
6.951366,-2.207116
6.973447,-2.227424
6.995525,-2.247736
7.017537,-2.268119
7.039497,-2.288558
7.061385,-2.309074
7.083186,-2.329682
7.104959,-2.350321
7.126674,-2.371020
7.148383,-2.391726
7.170026,-2.412500
7.191670,-2.433274
7.213288,-2.454074
7.234846,-2.474937
7.256422,-2.495781
7.277947,-2.516677
7.299498,-2.537548
7.321015,-2.558452
7.342491,-2.579400
7.363949,-2.600365
7.385387,-2.621351
7.406739,-2.642425
7.428065,-2.663524
7.449332,-2.684684
7.470556,-2.705886
7.491740,-2.727129
7.512871,-2.748424
7.533949,-2.769771
7.554989,-2.791157
7.575958,-2.812610
7.596929,-2.834063
7.617835,-2.855580
7.638756,-2.877081
7.659617,-2.898641
7.680429,-2.920248
7.701200,-2.941893
7.721914,-2.963595
7.742544,-2.985375
7.763136,-3.007192
7.783689,-3.029046
7.804179,-3.050959
7.824632,-3.072906
7.845017,-3.094916
7.865383,-3.116944
7.885696,-3.139020
7.905953,-3.161148
7.926193,-3.183293
7.946383,-3.205481
7.966525,-3.227714
7.986657,-3.249956
8.006774,-3.272212
8.026855,-3.294500
8.046892,-3.316827
8.066870,-3.339207
8.086876,-3.361562
8.106822,-3.383972
8.126718,-3.406425
8.146594,-3.428896
8.166465,-3.451372
8.186256,-3.473917
8.206027,-3.496480
8.225760,-3.519078
8.245394,-3.541760
8.264969,-3.564494
8.284525,-3.587244
8.304022,-3.610044
8.323462,-3.632893
8.342801,-3.655828
8.362068,-3.678823
8.381262,-3.701880
8.400441,-3.724948
8.419538,-3.748085
8.438547,-3.771294
8.457471,-3.794573
8.476335,-3.817899
8.495149,-3.841267
8.513928,-3.864662
8.532615,-3.888131
8.551232,-3.911656
8.569790,-3.935227
8.588252,-3.958874
8.606668,-3.982556
8.625012,-4.006294
8.643258,-4.030107
8.661378,-4.054017
8.679416,-4.077989
8.697468,-4.101949
8.715386,-4.126011
8.733224,-4.150132
8.751013,-4.174289
8.768691,-4.198526
8.786301,-4.222814
8.803824,-4.247164
8.821292,-4.271554
8.838712,-4.295979
8.856028,-4.320477
8.873269,-4.345028
8.890466,-4.369609
8.907596,-4.394238
8.924607,-4.418948
8.941571,-4.443692
8.958480,-4.468473
8.975287,-4.493323
8.992057,-4.518198
9.008741,-4.543130
9.025380,-4.568093
9.041952,-4.593100
9.058378,-4.618204
9.074784,-4.643321
9.091115,-4.668486
9.107337,-4.693722
9.123518,-4.718984
9.139649,-4.744278
9.155647,-4.769657
9.171551,-4.795094
9.187388,-4.820573
9.203178,-4.846081
9.218930,-4.871613
9.234605,-4.897193
9.250116,-4.922872
9.265503,-4.948625
9.280749,-4.974462
9.295806,-5.000410
9.310676,-5.026465
9.325332,-5.052641
9.339712,-5.078971
9.353810,-5.105452
9.367675,-5.132056
9.381357,-5.158754
9.394807,-5.185570
9.408078,-5.212475
9.421141,-5.239482
9.434028,-5.266573
9.446713,-5.293759
9.459219,-5.321028
9.471565,-5.348370
9.483747,-5.375785
9.495752,-5.403278
9.507605,-5.430837
9.519259,-5.458481
9.530758,-5.486190
9.542122,-5.513955
9.553415,-5.541748
9.564609,-5.569581
9.575696,-5.597457
9.586764,-5.625341
9.597753,-5.653256
9.608701,-5.681187
9.619670,-5.709109
9.630475,-5.737096
9.641098,-5.765153
9.651507,-5.793289
9.661769,-5.821479
9.671867,-5.849729
9.681817,-5.878030
9.691515,-5.906420
9.700928,-5.934905
9.709935,-5.963521
9.718519,-5.992266
9.726489,-6.021188
9.733894,-6.050260
9.740535,-6.079516
9.746313,-6.108954
9.751160,-6.138560
9.754913,-6.168324
9.757442,-6.198217
9.758690,-6.228191
9.758759,-6.258191
9.757512,-6.288165
9.755374,-6.318089
9.752235,-6.347924
9.748341,-6.377671
9.743815,-6.407327
9.738683,-6.436885
9.733035,-6.466349
9.726989,-6.495733
9.720790,-6.525086
9.714401,-6.554397
9.707829,-6.583669
9.701061,-6.612895
9.694154,-6.642089
9.687151,-6.671260
9.680114,-6.700424
9.673018,-6.729572
9.665709,-6.758668
9.658348,-6.787751
9.650954,-6.816826
9.643439,-6.845869
9.635811,-6.874883
9.628032,-6.903857
9.620244,-6.932829
9.612364,-6.961775
9.604416,-6.990703
9.596325,-7.019591
9.588144,-7.048455
9.579795,-7.077269
9.571225,-7.106019
9.562464,-7.134712
9.553572,-7.163364
9.544397,-7.191926
9.535070,-7.220439
9.525604,-7.248907
9.515938,-7.277307
9.506240,-7.305696
9.496248,-7.333983
9.485953,-7.362161
9.475494,-7.390279
9.464776,-7.418299
9.453893,-7.446256
9.442870,-7.474157
9.431685,-7.501994
9.420338,-7.529765
9.408853,-7.557480
9.397184,-7.585117
9.385330,-7.612676
9.373311,-7.640163
9.361184,-7.667603
9.348870,-7.694959
9.336375,-7.722233
9.323784,-7.749463
9.311029,-7.776617
9.298209,-7.803740
9.285289,-7.830815
9.272211,-7.857814
9.258953,-7.884725
9.245589,-7.911585
9.232114,-7.938388
9.218455,-7.965098
9.204709,-7.991764
9.190864,-8.018378
9.176864,-8.044911
9.162732,-8.071374
9.148576,-8.097824
9.134324,-8.124222
9.120032,-8.150599
9.105746,-8.176979
9.091301,-8.203273
9.076798,-8.229534
9.062188,-8.255736
9.047501,-8.281895
9.032835,-8.308066
9.018117,-8.334208
9.003331,-8.360311
8.988463,-8.386367
8.973530,-8.412387
8.958521,-8.438362
8.943450,-8.464302
8.928378,-8.490241
8.913222,-8.516131
8.898024,-8.541996
8.882763,-8.567825
8.867469,-8.593633
8.852091,-8.619392
8.836639,-8.645107
8.821146,-8.670797
8.805595,-8.696451
8.789986,-8.722071
8.774302,-8.747644
8.758529,-8.773163
8.742724,-8.798663
8.726899,-8.824149
8.710972,-8.849572
8.694997,-8.874965
8.678922,-8.900295
8.662783,-8.925583
8.646604,-8.950847
8.630399,-8.976094
8.614166,-9.001323
8.597914,-9.026539
8.581663,-9.051756
8.565353,-9.076935
8.549002,-9.102088
8.532598,-9.127206
8.516113,-9.152270
8.499560,-9.177290
8.482935,-9.202263
8.466259,-9.227201
8.449546,-9.252114
8.432797,-9.277003
8.416013,-9.301869
8.399190,-9.326708
8.382396,-9.351567
8.365595,-9.376421
8.348729,-9.401231
8.331833,-9.426020
8.314898,-9.450784
8.297993,-9.475567
8.281069,-9.500337
8.264116,-9.525088
8.247226,-9.549882
8.230340,-9.574678
8.213458,-9.599477
8.196564,-9.624269
8.179653,-9.649048
8.162778,-9.673852
8.145923,-9.698669
8.129062,-9.723483
8.112213,-9.748305
8.095408,-9.773156
8.078646,-9.798036
8.061946,-9.822959
8.045255,-9.847886
8.028620,-9.872852
8.011979,-9.897813
7.995419,-9.922829
7.978900,-9.947871
7.962442,-9.972953
7.946019,-9.998059
7.929649,-10.023199
7.913297,-10.048351
7.896995,-10.073535
7.880722,-10.098738
7.864535,-10.123996
7.848376,-10.149272
7.832208,-10.174543
7.816058,-10.199825
7.799955,-10.225137
7.783871,-10.250461
7.767794,-10.275790
7.751764,-10.301147
7.735763,-10.326524
7.719836,-10.351947
7.703935,-10.377387
7.688036,-10.402827
7.672159,-10.428281
7.656266,-10.453726
7.640428,-10.479204
7.624620,-10.504701
7.608877,-10.530239
7.593171,-10.555799
7.577521,-10.581393
7.561871,-10.606988
7.546280,-10.632619
7.530742,-10.658281
7.515202,-10.683943
7.499700,-10.709627
7.484200,-10.735312
7.468735,-10.761019
7.453273,-10.786728
7.437821,-10.812442
7.422380,-10.838163
7.406989,-10.863915
7.391587,-10.889659
7.376279,-10.915460
7.361027,-10.941293
7.345803,-10.967143
7.330628,-10.993022
7.315421,-11.018882
7.300270,-11.044775
7.285129,-11.070674
7.270052,-11.096610
7.255049,-11.122589
7.240068,-11.148581
7.225035,-11.174542
7.210019,-11.200514
7.194938,-11.226448
7.179907,-11.252411
7.164848,-11.278357
7.149830,-11.304328
7.134855,-11.330323
7.119856,-11.356304
7.104837,-11.382274
7.089870,-11.408274
7.075014,-11.434337
7.060383,-11.460528
7.045909,-11.486805
7.031716,-11.513235
7.017643,-11.539730
7.003838,-11.566365
6.990330,-11.593151
6.977096,-11.620074
6.964166,-11.647145
6.951581,-11.674378
6.939240,-11.701722
6.927164,-11.729184
6.915265,-11.756724
6.903539,-11.784337
6.891964,-11.812014
6.880520,-11.839745
6.869169,-11.867515
6.857898,-11.895317
6.846682,-11.923142
6.835537,-11.950995
6.824402,-11.978852
6.813297,-12.006721
6.802238,-12.034608
6.791226,-12.062514
6.780206,-12.090416
6.769246,-12.118343
6.758359,-12.146297
6.747539,-12.174279
6.736756,-12.202274
6.726036,-12.230293
6.715416,-12.258350
6.704874,-12.286437
6.694411,-12.314553
6.683992,-12.342686
6.673635,-12.370842
6.663378,-12.399034
6.653223,-12.427263
6.643140,-12.455517
6.633143,-12.483803
6.623246,-12.512123
6.613443,-12.540476
6.603737,-12.568863
6.594103,-12.597274
6.584504,-12.625697
6.574958,-12.654137
6.565469,-12.682597
6.556043,-12.711078
6.546594,-12.739551
6.537174,-12.768034
6.527794,-12.796530
6.518461,-12.825041
6.509159,-12.853562
6.499905,-12.882099
6.490720,-12.910658
6.481543,-12.939221
6.472439,-12.967806
6.463383,-12.996406
6.454356,-13.025016
6.445435,-13.053659
6.436610,-13.082332
6.427882,-13.111034
6.419286,-13.139776
6.410802,-13.168551
6.402446,-13.197364
6.394223,-13.226215
6.386115,-13.255099
6.378097,-13.284007
6.370171,-13.312941
6.362360,-13.341907
6.354646,-13.370898
6.347011,-13.399910
6.339453,-13.428943
6.331976,-13.457996
6.324559,-13.487065
6.317195,-13.516147
6.309898,-13.545246
6.302663,-13.574360
6.295487,-13.603489
6.288378,-13.632635
6.281329,-13.661795
6.274353,-13.690973
6.267434,-13.720164
6.260616,-13.749379
6.253911,-13.778620
6.247257,-13.807873
6.240675,-13.837142
6.234197,-13.866434
6.227790,-13.895742
6.221458,-13.925066
6.215217,-13.954410
6.209091,-13.983777
6.203049,-14.013163
6.197092,-14.042565
6.191256,-14.071992
6.185540,-14.101443
6.179957,-14.130919
6.174490,-14.160416
6.169121,-14.189932
6.163853,-14.219466
6.158684,-14.249017
6.153629,-14.278588
6.148676,-14.308176
6.143807,-14.337779
6.139020,-14.367394
6.134303,-14.397021
6.129666,-14.426661
6.125171,-14.456322
6.120765,-14.485997
6.116409,-14.515679
6.112121,-14.545371
6.107969,-14.575082
6.103869,-14.604801
6.099824,-14.634527
6.095880,-14.664266
6.092019,-14.694017
6.088249,-14.723779
6.084564,-14.753552
6.080983,-14.783337
6.077498,-14.813134
6.074091,-14.842940
6.070767,-14.872755
6.067549,-14.902582
6.064423,-14.932419
6.061371,-14.962263
6.058426,-14.992118
6.055592,-15.021984
6.052867,-15.051860
6.050211,-15.081742
6.047683,-15.111636
6.045259,-15.141538
6.042921,-15.171446
6.040645,-15.201360
6.038469,-15.231281
6.036354,-15.261206
6.034335,-15.291138
6.032368,-15.321074
6.030444,-15.351012
6.028604,-15.380955
6.026840,-15.410903
6.025127,-15.440855
6.023494,-15.470810
6.021927,-15.500769
6.020435,-15.530732
6.019021,-15.560699
6.017691,-15.590669
6.016436,-15.620643
6.015284,-15.650621
6.014224,-15.680602
6.013246,-15.710586
6.012387,-15.740574
6.011594,-15.770563
6.010862,-15.800554
6.010250,-15.830548
6.009751,-15.860544
6.009361,-15.890541
6.009068,-15.920540
6.008889,-15.950539
6.008808,-15.980539
6.008794,-16.010539
6.008864,-16.040539
6.009009,-16.070539
6.009255,-16.100538
6.009595,-16.130536
6.010015,-16.160533
6.010505,-16.190529
6.011065,-16.220524
6.011720,-16.250517
6.012431,-16.280508
6.013217,-16.310498
6.014097,-16.340485
6.015059,-16.370470
6.016078,-16.400452
6.017190,-16.430432
6.018383,-16.460408
6.019635,-16.490382
6.020976,-16.520352
6.022404,-16.550318
6.023904,-16.580280
6.025487,-16.610239
6.027142,-16.640193
6.028816,-16.670146
6.030550,-16.700096
6.032374,-16.730040
6.034252,-16.759982
6.036165,-16.789920
6.038159,-16.819854
6.040186,-16.849786
6.042294,-16.879711
6.044452,-16.909634
6.046724,-16.939548
6.049060,-16.969456
6.051502,-16.999357
6.053979,-17.029254
6.056521,-17.059147
6.059131,-17.089033
6.061810,-17.118913
6.064558,-17.148787
6.067363,-17.178656
6.070193,-17.208522
6.073121,-17.238378
6.076108,-17.268229
6.079135,-17.298076
6.082245,-17.327915
6.085407,-17.357748
6.088645,-17.387572
6.091929,-17.417392
6.095278,-17.447204
6.098674,-17.477012
6.102142,-17.506811
6.105670,-17.536602
6.109294,-17.566383
6.112973,-17.596156
6.116723,-17.625921
6.120565,-17.655674
6.124472,-17.685418
6.128451,-17.715153
6.132505,-17.744878
6.136608,-17.774596
6.140735,-17.804311
6.144878,-17.834024
6.149082,-17.863728
6.153368,-17.893420
6.157708,-17.923104
6.162109,-17.952780
6.166593,-17.982443
6.171143,-18.012096
6.175752,-18.041740
6.180403,-18.071377
6.185103,-18.101006
6.189871,-18.130625
6.194667,-18.160239
6.199539,-18.189841
6.204436,-18.219438
6.209396,-18.249026
6.214401,-18.278605
6.219448,-18.308178
6.224509,-18.337748
6.229648,-18.367304
6.234809,-18.396857
6.240055,-18.426395
6.245324,-18.455928
6.250672,-18.485448
6.256058,-18.514960
6.261509,-18.544461
6.266996,-18.573955
6.272549,-18.603437
6.278136,-18.632912
6.283742,-18.662383
6.289400,-18.691845
6.295125,-18.721294
6.300900,-18.750733
6.306694,-18.780168
6.312532,-18.809594
6.318407,-18.839013
6.324323,-18.868424
6.330276,-18.897827
6.336259,-18.927225
6.342255,-18.956620
6.348276,-18.986009
6.354335,-19.015391
6.360439,-19.044763
6.366545,-19.074135
6.372663,-19.103505
6.378821,-19.132866
6.384996,-19.162224
6.391221,-19.191571
6.397435,-19.220920
6.403666,-19.250266
6.409915,-19.279608
6.416177,-19.308947
6.422473,-19.338279
6.428791,-19.367606
6.435149,-19.396925
6.441504,-19.426244
6.447885,-19.455557
6.454292,-19.484865
6.460720,-19.514168
6.467150,-19.543471
6.473592,-19.572771
6.480061,-19.602066
6.486531,-19.631360
6.492998,-19.660655
6.499483,-19.689945
6.505977,-19.719234
6.512510,-19.748514
6.519029,-19.777797
6.525552,-19.807079
6.532102,-19.836355
6.538679,-19.865626
6.545236,-19.894900
6.551799,-19.924174
6.558356,-19.953448
6.564918,-19.982722
6.571489,-20.011993
6.578031,-20.041271
6.584578,-20.070548
6.591084,-20.099834
6.597608,-20.129116
6.604105,-20.158404
6.610629,-20.187686
6.617181,-20.216962
6.623721,-20.246241
6.630260,-20.275519
6.636789,-20.304800
6.643289,-20.334088
6.649764,-20.363381
6.656233,-20.392675
6.662672,-20.421976
6.669134,-20.451271
6.675533,-20.480581
6.681886,-20.509901
6.688217,-20.539225
6.694508,-20.568558
6.700749,-20.597902
6.706970,-20.627250
6.713144,-20.656607
6.719298,-20.685969
6.725401,-20.715342
6.731471,-20.744722
6.737490,-20.774111
6.743475,-20.803508
6.749435,-20.832910
6.755369,-20.862318
6.761290,-20.891728
6.767186,-20.921143
6.773046,-20.950565
6.778860,-20.979996
6.784626,-21.009436
6.790341,-21.038887
6.796009,-21.068347
6.801631,-21.097815
6.807235,-21.127287
6.812824,-21.156762
6.818432,-21.186233
6.824041,-21.215704
6.829583,-21.245188
6.835090,-21.274678
6.840473,-21.304191
6.845793,-21.333716
6.850948,-21.363270
6.855984,-21.392844
6.860897,-21.422439
6.865665,-21.452057
6.870311,-21.481696
6.874794,-21.511359
6.879121,-21.541045
6.883255,-21.570759
6.887137,-21.600507
6.890835,-21.630278
6.894340,-21.660072
6.897592,-21.689896
6.900609,-21.719743
6.903368,-21.749616
6.905749,-21.779522
6.907741,-21.809455
6.909234,-21.839418
6.910156,-21.869404
6.910307,-21.899404
6.909777,-21.929399
6.908369,-21.959366
6.906186,-21.989286
6.903258,-22.019143
6.899598,-22.048919
6.894836,-22.078539
6.889207,-22.108006
6.882716,-22.137295
6.875514,-22.166418
6.867687,-22.195379
6.859287,-22.224179
6.849966,-22.252694
6.839756,-22.280904
6.828532,-22.308725
6.816787,-22.336330
6.804246,-22.363583
6.791156,-22.390577
6.777559,-22.417318
6.763177,-22.443646
6.748083,-22.469572
6.732726,-22.495344
6.716928,-22.520847
6.700573,-22.545997
6.683740,-22.570829
6.666532,-22.595404
6.649013,-22.619756
6.631259,-22.643939
6.613114,-22.667830
6.594573,-22.691414
6.576115,-22.715064
6.557598,-22.738667
6.538642,-22.761919
6.519414,-22.784948
6.500032,-22.807846
6.480508,-22.830623
6.460954,-22.853375
6.441307,-22.876047
6.421472,-22.898554
6.401528,-22.920965
6.381485,-22.943286
6.361297,-22.965478
6.340940,-22.987514
6.320259,-23.009246
6.299465,-23.030871
6.278369,-23.052201
6.257089,-23.073347
6.235443,-23.094118
6.213456,-23.114527
6.191210,-23.134656
6.168586,-23.154357
6.145646,-23.173689
6.122355,-23.192598
6.098759,-23.211124
6.074841,-23.229233
6.050667,-23.247000
6.026244,-23.264422
6.001662,-23.281618
5.976795,-23.298399
5.951788,-23.314973
5.926653,-23.331351
5.901354,-23.347473
5.875833,-23.363243
5.850086,-23.378640
5.824190,-23.393786
5.798202,-23.408773
5.772119,-23.423595
5.745950,-23.438265
5.719663,-23.452721
5.693292,-23.467024
5.666831,-23.481159
5.640230,-23.495029
5.613519,-23.508688
5.586698,-23.522127
5.559792,-23.535396
5.532838,-23.548567
5.505749,-23.561458
5.478539,-23.574093
5.451244,-23.586541
5.423883,-23.598846
5.396477,-23.611049
5.368971,-23.623024
5.341322,-23.634667
5.313530,-23.645963
5.285650,-23.657039
5.257644,-23.667795
5.229510,-23.678210
5.201268,-23.688327
5.172857,-23.697962
5.144283,-23.707101
5.115545,-23.715710
5.086610,-23.723636
5.057506,-23.730911
5.028230,-23.737461
4.998773,-23.743142
4.969172,-23.748021
4.939360,-23.751374
4.909432,-23.753458
4.879449,-23.754469
4.849450,-23.754685
4.819455,-23.754154
4.789489,-23.752734
4.759593,-23.750230
4.729809,-23.746641
4.700150,-23.742130
4.670680,-23.736512
4.641480,-23.729632
4.612699,-23.721167
4.584230,-23.711708
4.556144,-23.701161
4.528407,-23.689731
4.501009,-23.677510
4.474116,-23.664215
4.447648,-23.650093
4.421675,-23.635080
4.396106,-23.619388
4.370867,-23.603171
4.346042,-23.586326
4.321521,-23.569043
4.297269,-23.551384
4.273443,-23.533155
4.249886,-23.514579
4.226609,-23.495653
4.203553,-23.476458
4.180697,-23.457027
4.158129,-23.437260
4.135796,-23.417229
4.113756,-23.396877
4.091916,-23.376309
4.070352,-23.355453
4.049052,-23.334327
4.028065,-23.312890
4.007347,-23.291193
3.986909,-23.269232
3.966706,-23.247055
3.946752,-23.224653
3.927021,-23.202055
3.907495,-23.179278
3.888189,-23.156316
3.869046,-23.133217
3.850108,-23.109951
3.831347,-23.086540
3.812744,-23.063005
3.794300,-23.039344
3.776034,-23.015546
3.757938,-22.991618
3.739974,-22.967591
3.722146,-22.943463
3.704501,-22.919201
3.687014,-22.894825
3.669661,-22.870353
3.652475,-22.845763
3.635446,-22.821065
3.618645,-22.796211
3.602086,-22.771195
3.585730,-22.746046
3.569613,-22.720743
3.553798,-22.695250
3.538231,-22.669605
3.522856,-22.643844
3.507650,-22.617984
3.492670,-22.591991
3.477921,-22.565867
3.463393,-22.539620
3.449135,-22.513224
3.434991,-22.486768
3.421004,-22.460228
3.407144,-22.433622
3.393437,-22.406936
3.379868,-22.380180
3.366485,-22.353331
3.353252,-22.326407
3.340179,-22.299405
3.327205,-22.272355
3.314348,-22.245250
3.301604,-22.218091
3.288939,-22.190896
3.276322,-22.163678
3.263798,-22.136417
3.251361,-22.109117
3.239001,-22.081781
3.226752,-22.054396
3.214579,-22.026977
3.202481,-21.999524
3.190442,-21.972046
3.178473,-21.944537
3.166589,-21.916991
3.154781,-21.889413
3.143076,-21.861790
3.131456,-21.834132
3.119890,-21.806451
3.108404,-21.778737
3.096999,-21.750990
3.085687,-21.723204
3.074443,-21.695391
3.063263,-21.667552
3.052139,-21.639690
3.041069,-21.611807
3.030093,-21.583888
3.019175,-21.555945
3.008289,-21.527990
2.997477,-21.500005
2.986747,-21.471990
2.976083,-21.443950
2.965488,-21.415883
2.954961,-21.387790
2.944525,-21.359664
2.934151,-21.331515
2.923855,-21.303337
2.913642,-21.275129
2.903477,-21.246903
2.893366,-21.218659
2.883326,-21.190389
2.873371,-21.162088
2.863473,-21.133768
2.853605,-21.105438
2.843777,-21.077093
2.834032,-21.048720
2.824353,-21.020324
2.814702,-20.991919
2.805131,-20.963487
2.795605,-20.935039
2.786171,-20.906561
2.776813,-20.878058
2.767508,-20.849538
2.758258,-20.820999
2.749093,-20.792434
2.739983,-20.763850
2.730920,-20.735252
2.721884,-20.706645
2.712888,-20.678026
2.703921,-20.649397
2.695016,-20.620749
2.686138,-20.592093
2.677321,-20.563418
2.668520,-20.534738
2.659753,-20.506047
2.651023,-20.477346
2.642333,-20.448632
2.633662,-20.419912
2.625031,-20.391181
2.616467,-20.362429
2.607922,-20.333672
2.599421,-20.304901
2.590980,-20.276113
2.582594,-20.247309
2.574249,-20.218493
2.565976,-20.189656
2.557739,-20.160810
2.549567,-20.131944
2.541444,-20.103065
2.533385,-20.074167
2.525399,-20.045250
2.517458,-20.016320
2.509574,-19.987374
2.501750,-19.958413
2.494006,-19.929430
2.486304,-19.900435
2.478691,-19.871417
2.471142,-19.842382
2.463648,-19.813333
2.456223,-19.784267
2.448842,-19.755189
2.441511,-19.726098
2.434251,-19.696990
2.427048,-19.667868
2.419919,-19.638727
2.412815,-19.609580
2.405778,-19.580417
2.398793,-19.551242
2.391862,-19.522053
2.384993,-19.492850
2.378150,-19.463641
2.371348,-19.434422
2.364588,-19.405194
2.357845,-19.375962
2.351168,-19.346714
2.344509,-19.317463
2.337898,-19.288200
2.331308,-19.258933
2.324781,-19.229651
2.318303,-19.200359
2.311896,-19.171051
2.305551,-19.141730
2.299239,-19.112402
2.293006,-19.083056
2.286823,-19.053700
2.280704,-19.024331
2.274653,-18.994948
2.268668,-18.965551
2.262728,-18.936144
2.256867,-18.906722
2.251047,-18.877292
2.245298,-18.847849
2.239611,-18.818393
2.233971,-18.788927
2.228380,-18.759453
2.222839,-18.729969
2.217354,-18.700475
2.211928,-18.670970
2.206529,-18.641460
2.201194,-18.611938
2.195897,-18.582409
2.190655,-18.552870
2.185460,-18.523324
2.180328,-18.493766
2.175229,-18.464202
2.170183,-18.434630
2.165167,-18.405052
2.160197,-18.375467
2.155291,-18.345871
2.150425,-18.316268
2.145598,-18.286659
2.140833,-18.257040
2.136107,-18.227414
2.131410,-18.197784
2.126770,-18.168145
2.122146,-18.138504
2.117564,-18.108856
2.113007,-18.079204
2.108494,-18.049545
2.104016,-18.019881
2.099600,-17.990208
2.095219,-17.960530
2.090896,-17.930843
2.086614,-17.901150
2.082372,-17.871451
2.078165,-17.841748
2.074000,-17.812038
2.069867,-17.782324
2.065760,-17.752607
2.061673,-17.722886
2.057607,-17.693163
2.053567,-17.663437
2.049560,-17.633705
2.045586,-17.603970
2.041635,-17.574231
2.037715,-17.544488
2.033818,-17.514742
2.029948,-17.484993
2.026129,-17.455237
2.022384,-17.425472
2.018689,-17.395700
2.015060,-17.365921
2.011498,-17.336133
2.008000,-17.306337
2.004553,-17.276536
2.001211,-17.246723
1.997977,-17.216898
1.994872,-17.187059
1.991845,-17.157212
1.988950,-17.127352
1.986143,-17.097484
1.983446,-17.067605
1.980821,-17.037720
1.978294,-17.007827
1.975865,-16.977925
1.973504,-16.948018
1.971246,-16.918103
1.969090,-16.888181
1.966992,-16.858254
1.964994,-16.828321
1.963105,-16.798381
1.961327,-16.768433
1.959688,-16.738478
1.958169,-16.708516
1.956747,-16.678550
1.955442,-16.648579
1.954270,-16.618602
1.953223,-16.588620
1.952276,-16.558635
1.951468,-16.528646
1.950769,-16.498654
1.950181,-16.468660
1.949686,-16.438664
1.949292,-16.408666
1.948950,-16.378668
1.948666,-16.348670
1.948395,-16.318671
1.948142,-16.288672
1.947904,-16.258673
1.947681,-16.228674
1.947453,-16.198674
1.947205,-16.168675
1.946928,-16.138677
1.946651,-16.108678
1.946358,-16.078679
1.946056,-16.048681
1.945740,-16.018683
1.945418,-15.988684
1.945062,-15.958686
1.944668,-15.928689
1.944252,-15.898692
1.943826,-15.868695
1.943362,-15.838699
1.942874,-15.808703
1.942360,-15.778707
1.941826,-15.748712
1.941269,-15.718717
1.940663,-15.688723
1.940031,-15.658730
1.939353,-15.628737
1.938639,-15.598746
1.937901,-15.568755
1.937113,-15.538765
1.936266,-15.508777
1.935391,-15.478790
1.934407,-15.448806
1.933385,-15.418823
1.932325,-15.388842
1.931169,-15.358865
1.929979,-15.328888
1.928680,-15.298916
1.927354,-15.268946
1.925978,-15.238977
1.924440,-15.209017
1.922809,-15.179061
1.921123,-15.149108
1.919326,-15.119162
1.917352,-15.089227
1.915192,-15.059305
1.912814,-15.029400
1.910199,-14.999514
1.907356,-14.969649
1.904276,-14.939807
1.900723,-14.910018
1.896670,-14.880293
1.891867,-14.850680
1.886121,-14.821236
1.879250,-14.792033
1.871134,-14.763152
1.862006,-14.734574
1.851826,-14.706354
1.841113,-14.678332
1.829807,-14.650544
1.818250,-14.622860
1.806332,-14.595329
1.794150,-14.567913
1.781619,-14.540656
1.768679,-14.513590
1.755632,-14.486576
1.742313,-14.459694
1.728680,-14.432971
1.715010,-14.406267
1.701230,-14.379619
1.687215,-14.353094
1.673179,-14.326579
1.659041,-14.300120
1.644712,-14.273763
1.630205,-14.247504
1.615684,-14.221252
1.600953,-14.195118
1.585937,-14.169147
1.570857,-14.143212
1.555542,-14.117415
1.540087,-14.091703
1.524536,-14.066049
1.508755,-14.040534
1.492689,-14.015199
1.476525,-13.989926
1.460150,-13.964789
1.443590,-13.939774
1.426848,-13.914880
1.410014,-13.890048
1.393116,-13.865260
1.376023,-13.840606
1.358909,-13.815966
1.341634,-13.791439
1.324230,-13.767004
1.306733,-13.742634
1.289200,-13.718291
1.271463,-13.694096
1.253563,-13.670022
1.235467,-13.646093
1.217266,-13.622246
1.198988,-13.598457
1.180447,-13.574872
1.161694,-13.551456
1.142720,-13.528219
1.123427,-13.505245
1.103876,-13.482490
1.083981,-13.460036
1.063842,-13.437801
1.043365,-13.415876
1.022547,-13.394275
1.001386,-13.373009
0.979885,-13.352088
0.958051,-13.331514
0.935800,-13.311392
0.913112,-13.291765
0.890058,-13.272568
0.866598,-13.253870
0.842738,-13.235684
0.818479,-13.218036
0.793830,-13.200934
0.768840,-13.184337
0.743588,-13.168140
0.718056,-13.152387
0.692293,-13.137016
0.666369,-13.121918
0.640247,-13.107166
0.613977,-13.092678
0.587654,-13.078288
0.561305,-13.063945
0.534923,-13.049663
0.508533,-13.035395
0.482214,-13.020996
0.455960,-13.006479
0.429779,-12.991831
0.403756,-12.976905
0.377852,-12.961774
0.351999,-12.946553
0.326267,-12.931131
0.300684,-12.915463
0.275267,-12.899526
0.250028,-12.883309
0.224946,-12.866850
0.200083,-12.850062
0.175394,-12.833019
0.150897,-12.815701
0.126515,-12.798223
0.102163,-12.780702
0.077973,-12.762958
0.053909,-12.745044
0.030035,-12.726877
0.006169,-12.708699
-0.017497,-12.690262
-0.040940,-12.671542
-0.064219,-12.652619
-0.087433,-12.633617
-0.110558,-12.614506
-0.133431,-12.595094
-0.156193,-12.575551
-0.178787,-12.555815
-0.201234,-12.535913
-0.223516,-12.515825
-0.245647,-12.495571
-0.267639,-12.475166
-0.289418,-12.454534
-0.311051,-12.433750
-0.332504,-12.412779
-0.353794,-12.391643
-0.374899,-12.370322
-0.395774,-12.348776
-0.416347,-12.326941
-0.436643,-12.304849
-0.456754,-12.282588
-0.476651,-12.260136
-0.496324,-12.237487
-0.515786,-12.214656
-0.535083,-12.191686
-0.554179,-12.168548
-0.573089,-12.145259
-0.591846,-12.121846
-0.610446,-12.098308
-0.628902,-12.074656
-0.647212,-12.050892
-0.665397,-12.027032
-0.683448,-12.003070
-0.701387,-11.979025
-0.719146,-11.954846
-0.736715,-11.930529
-0.754098,-11.906078
-0.771300,-11.881500
-0.788311,-11.856789
-0.805174,-11.831977
-0.821886,-11.807063
-0.838466,-11.782061
-0.855027,-11.757046
-0.871466,-11.731951
-0.887804,-11.706790
-0.904029,-11.681556
-0.920048,-11.656191
-0.935874,-11.630705
-0.951541,-11.605121
-0.967057,-11.579445
-0.982435,-11.553686
-0.997693,-11.527856
-1.012776,-11.501923
-1.027738,-11.475921
-1.042559,-11.449838
-1.057227,-11.423668
-1.071783,-11.397436
-1.086208,-11.371131
-1.100546,-11.344780
-1.114774,-11.318368
-1.128869,-11.291886
-1.142869,-11.265353
-1.156836,-11.238802
-1.170673,-11.212184
-1.184402,-11.185509
-1.198016,-11.158777
-1.211555,-11.132005
-1.225033,-11.105203
-1.238462,-11.078377
-1.251799,-11.051505
-1.265059,-11.024594
-1.278244,-10.997647
-1.291349,-10.970660
-1.304364,-10.943631
-1.317301,-10.916563
-1.330174,-10.889466
-1.342987,-10.862340
-1.355765,-10.835197
-1.368428,-10.808001
-1.381055,-10.780787
-1.393594,-10.753533
-1.406028,-10.726231
-1.418415,-10.698908
-1.430810,-10.671589
-1.443154,-10.644246
-1.455457,-10.616885
-1.467716,-10.589504
-1.479931,-10.562103
-1.492097,-10.534680
-1.504250,-10.507252
-1.516353,-10.479802
-1.528371,-10.452315
-1.540365,-10.424816
-1.552320,-10.397301
-1.564214,-10.369760
-1.576035,-10.342187
-1.587730,-10.314560
-1.599288,-10.286876
-1.610678,-10.259123
-1.621930,-10.231313
-1.632981,-10.203422
-1.643863,-10.175465
-1.654550,-10.147433
-1.664846,-10.119256
-1.674578,-10.090878
-1.683281,-10.062168
-1.691002,-10.033179
-1.697458,-10.003882
-1.702638,-9.974332
-1.706390,-9.944568
-1.708797,-9.914665
-1.710162,-9.884696
-1.710447,-9.854697
-1.709862,-9.824703
-1.708342,-9.794741
-1.706166,-9.764820
-1.703538,-9.734936
-1.700502,-9.705090
-1.697389,-9.675252
-1.693952,-9.645449
-1.690372,-9.615663
-1.686559,-9.585907
-1.682569,-9.556173
-1.678496,-9.526451
-1.674128,-9.496771
-1.669603,-9.467114
-1.664816,-9.437498
-1.659940,-9.407897
-1.654788,-9.378343
-1.649641,-9.348788
-1.644290,-9.319269
-1.638834,-9.289769
-1.633252,-9.260293
-1.627428,-9.230864
-1.621517,-9.201452
-1.615407,-9.172081
-1.609154,-9.142740
-1.602780,-9.113424
-1.596261,-9.084141
-1.589817,-9.054842
-1.583221,-9.025576
-1.576576,-8.996321
-1.569803,-8.967096
-1.562975,-8.937883
-1.556163,-8.908666
-1.549152,-8.879497
-1.542034,-8.850354
-1.534776,-8.821245
-1.527384,-8.792170
-1.519664,-8.763180
-1.511809,-8.734227
-1.503935,-8.705279
-1.495971,-8.676355
-1.487823,-8.647483
-1.479455,-8.618674
-1.470940,-8.589907
-1.462135,-8.561229
-1.453128,-8.532613
-1.443930,-8.504058
-1.434678,-8.475520
-1.425244,-8.447042
-1.415737,-8.418588
-1.406107,-8.390175
-1.396444,-8.361774
-1.386721,-8.333394
-1.376923,-8.305039
-1.367046,-8.276711
-1.357105,-8.248406
-1.347146,-8.220107
-1.337089,-8.191843
-1.326950,-8.163609
-1.316743,-8.135398
-1.306452,-8.107219
-1.296102,-8.079061
-1.285738,-8.050908
-1.275317,-8.022776
-1.264828,-7.994669
-1.254269,-7.966589
-1.243721,-7.938504
-1.233134,-7.910435
-1.222489,-7.882387
-1.211846,-7.854338
-1.201200,-7.826291
-1.190551,-7.798244
-1.179825,-7.770227
-1.169126,-7.742200
-1.158315,-7.714215
-1.147580,-7.686202
-1.136786,-7.658211
-1.125839,-7.630280
-1.114785,-7.602391
-1.103638,-7.574538
-1.092350,-7.546743
-1.081008,-7.518970
-1.069535,-7.491250
-1.057968,-7.463570
-1.046329,-7.435919
-1.034595,-7.408309
-1.022772,-7.380737
-1.010814,-7.353224
-0.998815,-7.325728
-0.986682,-7.298291
-0.974510,-7.270871
-0.962282,-7.243476
-0.949967,-7.216121
-0.937526,-7.188822
-0.925038,-7.161545
-0.912558,-7.134263
-0.900013,-7.107012
-0.887392,-7.079796
-0.874708,-7.052610
-0.861983,-7.025442
-0.849235,-6.998285
-0.836355,-6.971191
-0.823378,-6.944143
-0.810295,-6.917146
-0.797092,-6.890208
-0.783766,-6.863330
-0.770318,-6.836513
-0.756801,-6.809730
-0.743116,-6.783034
-0.728224,-6.756991
-0.712525,-6.731426
-0.696183,-6.706268
-0.679340,-6.681442
-0.662300,-6.656752
-0.645081,-6.632185
-0.627724,-6.607716
-0.610259,-6.583324
-0.592707,-6.558994
-0.575087,-6.534714
-0.557413,-6.510473
-0.539695,-6.486264
-0.521943,-6.462080
-0.504163,-6.437917
-0.486361,-6.413770
-0.468541,-6.389636
-0.450707,-6.365512
-0.432861,-6.341397
-0.415005,-6.317289
-0.397143,-6.293187
-0.379274,-6.269090
-0.361648,-6.244813
-0.344187,-6.220418
-0.326864,-6.195925
-0.309654,-6.171352
-0.292535,-6.146716
-0.275492,-6.122028
-0.258509,-6.097297
-0.241577,-6.072532
-0.224687,-6.047739
-0.207830,-6.022922
-0.191002,-5.998086
-0.174198,-5.973235
-0.157413,-5.948370
-0.140644,-5.923494
-0.123889,-5.898609
-0.107146,-5.873716
-0.090412,-5.848817
-0.073686,-5.823912
-0.056968,-5.799002
-0.040255,-5.774088
-0.023548,-5.749171
-0.006845,-5.724251
0.009854,-5.699328
0.026549,-5.674402
0.043241,-5.649475
0.059607,-5.624332
0.075744,-5.599043
0.091679,-5.573625
0.107442,-5.548099
0.123056,-5.522483
0.138543,-5.496789
0.153920,-5.471030
0.169201,-5.445214
0.184400,-5.419349
0.199527,-5.393442
0.214592,-5.367498
0.229601,-5.341523
0.244561,-5.315519
0.259479,-5.289491
0.274359,-5.263441
0.289205,-5.237372
0.304020,-5.211286
0.318423,-5.184969
0.332527,-5.158491
0.346354,-5.131868
0.359936,-5.105118
0.373299,-5.078259
0.386466,-5.051303
0.399457,-5.024262
0.412289,-4.997144
0.424107,-4.969570
0.435174,-4.941686
0.445542,-4.913535
0.454800,-4.884999
0.463155,-4.856186
0.470690,-4.827148
0.476419,-4.797700
0.480741,-4.768013
0.483782,-4.738167
0.484879,-4.708187
0.484417,-4.678191
0.482562,-4.648248
0.478538,-4.618519
0.472820,-4.589069
0.465618,-4.559947
0.457143,-4.531169
0.447191,-4.502867
0.436047,-4.475014
0.423869,-4.447597
0.410486,-4.420748
0.395759,-4.394611
0.379961,-4.369107
0.363254,-4.344190
0.345777,-4.319806
0.327648,-4.295904
0.308596,-4.272731
0.288830,-4.250162
0.268452,-4.228146
0.247554,-4.206622
0.226214,-4.185537
0.204492,-4.164844
0.181859,-4.145153
0.158565,-4.126248
0.134702,-4.108067
0.110363,-4.090528
0.085620,-4.073564
0.060533,-4.057113
0.034777,-4.041730
0.008533,-4.027195
-0.018127,-4.013440
-0.045135,-4.000379
-0.072436,-3.987942
-0.099985,-3.976065
-0.128018,-3.965382
-0.156393,-3.955643
-0.185052,-3.946774
-0.213940,-3.938683
-0.243016,-3.931292
-0.272245,-3.924535
-0.301922,-3.920142
-0.331804,-3.917492
-0.361785,-3.916402
-0.391783,-3.916653
-0.421750,-3.918067
-0.451617,-3.920892
-0.481354,-3.924857
-0.510942,-3.929809
-0.540318,-3.935896
-0.569490,-3.942897
-0.598376,-3.950995
-0.627009,-3.959947
-0.655409,-3.969615
-0.683599,-3.979877
-0.711604,-3.990634
-0.739442,-4.001816
-0.767138,-4.013348
-0.794709,-4.025172
-0.822174,-4.037241
-0.849549,-4.049514
-0.876845,-4.061960
-0.904075,-4.074551
-0.931248,-4.087266
-0.958371,-4.100084
-0.985452,-4.112992
-1.012498,-4.125975
-1.039511,-4.139023
-1.066498,-4.152126
-1.093462,-4.165278
-1.120405,-4.178471
-1.147331,-4.191700
-1.174260,-4.204922
-1.201189,-4.218145
-1.228118,-4.231368
-1.255047,-4.244590
-1.281976,-4.257812
-1.308905,-4.271034
-1.335834,-4.284256
-1.362764,-4.297477
-1.389693,-4.310699
-1.416622,-4.323920
-1.443552,-4.337141
-1.470481,-4.350363
-1.497440,-4.363524
-1.524420,-4.376642
-1.551419,-4.389721
-1.578434,-4.402766
-1.605464,-4.415781
-1.632507,-4.428768
-1.659562,-4.441731
-1.686627,-4.454673
-1.713701,-4.467596
-1.740783,-4.480501
-1.767873,-4.493391
-1.794970,-4.506266
-1.822126,-4.519016
-1.849325,-4.531672
-1.876565,-4.544243
-1.901486,-4.560943
-1.926785,-4.577067
-1.952356,-4.592755
-1.978115,-4.608133
-2.004001,-4.623296
-2.029991,-4.638279
-2.056064,-4.653120
-2.082208,-4.667833
-2.108416,-4.682432
-2.134675,-4.696940
-2.160955,-4.711409
-2.187266,-4.725822
-2.213598,-4.740196
-2.239962,-4.754511
-2.266394,-4.768702
-2.292860,-4.782828
-2.319379,-4.796853
-2.345931,-4.810818
-2.372534,-4.824685
-2.399197,-4.838436
-2.425929,-4.852052
-2.452703,-4.865586
-2.479529,-4.879015
-2.506410,-4.892335
-2.533349,-4.905536
-2.560345,-4.918621
-2.587381,-4.931624
-2.614468,-4.944520
-2.641590,-4.957341
-2.668733,-4.970118
-2.695884,-4.982879
-2.723061,-4.995584
-2.750261,-5.008238
-2.777496,-5.020820
-2.804756,-5.033345
-2.832030,-5.045840
-2.859323,-5.058293
-2.886593,-5.070797
-2.913856,-5.083317
-2.941129,-5.095814
-2.968405,-5.108304
-2.995696,-5.120762
-3.023025,-5.133136
-3.050393,-5.145425
-3.077848,-5.157518
-3.105552,-5.169027
-3.133482,-5.179977
-3.161683,-5.190211
-3.190163,-5.199638
-3.218917,-5.208194
-3.247938,-5.215797
-3.277233,-5.222260
-3.306788,-5.227408
-3.336513,-5.231466
-3.366364,-5.234452
-3.396293,-5.236514
-3.426276,-5.237506
-3.456276,-5.237470
-3.486266,-5.236675
-3.516224,-5.235099
-3.546134,-5.232769
-3.575980,-5.229736
-3.605775,-5.226237
-3.635504,-5.222213
-3.665162,-5.217696
-3.694727,-5.212607
-3.724234,-5.207190
-3.753611,-5.201105
-3.782880,-5.194525
-3.812020,-5.187394
-3.841074,-5.179920
-3.870048,-5.172140
-3.898931,-5.164031
-3.927720,-5.155592
-3.956475,-5.147039
-3.985094,-5.138044
-4.013632,-5.128793
-4.042083,-5.119275
-4.070375,-5.109297
-4.098539,-5.098963
-4.126610,-5.088381
-4.154574,-5.077516
-4.182433,-5.066388
-4.210126,-5.054850
-4.237658,-5.042935
-4.265085,-5.030778
-4.292437,-5.018456
-4.319648,-5.005823
-4.346662,-4.992776
-4.373508,-4.979386
-4.400215,-4.965719
-4.426731,-4.951688
-4.453125,-4.937428
-4.479376,-4.922905
-4.505403,-4.907986
-4.531230,-4.892724
-4.556774,-4.876991
-4.582055,-4.860840
-4.607180,-4.844446
-4.631906,-4.827458
-4.656338,-4.810048
-4.680419,-4.792156
-4.703993,-4.773602
-4.727256,-4.754659
-4.750170,-4.735296
-4.772694,-4.715480
-4.794944,-4.695357
-4.816802,-4.674808
-4.838259,-4.653842
-4.859403,-4.632559
-4.880209,-4.610947
-4.900593,-4.588936
-4.920544,-4.566532
-4.940144,-4.543819
-4.959443,-4.520851
-4.978294,-4.497514
-4.996766,-4.473875
-5.014947,-4.450011
-5.032747,-4.425863
-5.050138,-4.401418
-5.067081,-4.376660
-5.083685,-4.351674
-5.100007,-4.326503
-5.115929,-4.301077
-5.131596,-4.275493
-5.146910,-4.249696
-5.161718,-4.223605
-5.176060,-4.197256
-5.189948,-4.170664
-5.203221,-4.143759
-5.215812,-4.116530
-5.227698,-4.088985
-5.238915,-4.061161
-5.249605,-4.033130
-5.259669,-4.004868
-5.269217,-3.976429
-5.278332,-3.947847
-5.286952,-3.919112
-5.294726,-3.890137
-5.301872,-3.861000
-5.308371,-3.831712
-5.314213,-3.802287
-5.319426,-3.772743
-5.324042,-3.743100
-5.328074,-3.713373
-5.331553,-3.683575
-5.334335,-3.653704
-5.336494,-3.623782
-5.337660,-3.593805
-5.338290,-3.563811
-5.338472,-3.533812
-5.338031,-3.503815
-5.336945,-3.473835
-5.335031,-3.443896
-5.332373,-3.414014
-5.329062,-3.384197
-5.325542,-3.354404
-5.321325,-3.324702
-5.316549,-3.295085
-5.311255,-3.265556
-5.305466,-3.236120
-5.299231,-3.206774
-5.292510,-3.177537
-5.285150,-3.148454
-5.277084,-3.119559
-5.268317,-3.090868
-5.258963,-3.062364
-5.249074,-3.034040
-5.238601,-3.005928
-5.227626,-2.978007
-5.216409,-2.950183
-5.204789,-2.922525
-5.192732,-2.895055
-5.180474,-2.867673
-5.167929,-2.840422
-5.154946,-2.813377
-5.141528,-2.786545
-5.127732,-2.759906
-5.113616,-2.733434
-5.099060,-2.707202
-5.084145,-2.681172
-5.068729,-2.655436
-5.052794,-2.630018
-5.036352,-2.604925
-5.019394,-2.580178
-5.002047,-2.555702
-4.984238,-2.531559
-4.966110,-2.507656
-4.947635,-2.484020
-4.928855,-2.460625
-4.909734,-2.437508
-4.890454,-2.414524
-4.870953,-2.391726
-4.851233,-2.369118
-4.831377,-2.346630
-4.811362,-2.324283
-4.791133,-2.302129
-4.770768,-2.280100
-4.750257,-2.258208
-4.729586,-2.236466
-4.708684,-2.214946
-4.687674,-2.193531
-4.666471,-2.172308
-4.645060,-2.151294
-4.623490,-2.130444
-4.601744,-2.109777
-4.579849,-2.089268
-4.557754,-2.068976
-4.535495,-2.048862
-4.513101,-2.028899
-4.490614,-2.009042
-4.468032,-1.989291
-4.445353,-1.969654
-4.422528,-1.950185
-4.399576,-1.930867
-4.376534,-1.911656
-4.353362,-1.892602
-4.330138,-1.873611
-4.306808,-1.854750
-4.283362,-1.836035
-4.259835,-1.817420
-4.236237,-1.798897
-4.212498,-1.780553
-4.188692,-1.762297
-4.164793,-1.744165
-4.140801,-1.726154
-4.116733,-1.708245
-4.092563,-1.690474
-4.068339,-1.672776
-4.044045,-1.655175
-4.019651,-1.637713
-3.995140,-1.620415
-3.970525,-1.603266
-3.945806,-1.586266
-3.921033,-1.569346
-3.896194,-1.552523
-3.871302,-1.535778
-3.846332,-1.519149
-3.821297,-1.502620
-3.796164,-1.486238
-3.770978,-1.469939
-3.745693,-1.453794
-3.720315,-1.437795
-3.694869,-1.421905
-3.669366,-1.406106
-3.643774,-1.390452
-3.618116,-1.374906
-3.592430,-1.359407
-3.566675,-1.344023
-3.540867,-1.328728
-3.515009,-1.313517
-3.489094,-1.298404
-3.463086,-1.283451
-3.437036,-1.268572
-3.410938,-1.253776
-3.384771,-1.239105
-3.358554,-1.224520
-3.332317,-1.209973
-3.306047,-1.195485
-3.279711,-1.181118
-3.253322,-1.166850
-3.226862,-1.152711
-3.200351,-1.138670
-3.173812,-1.124682
-3.147215,-1.110804
-3.120545,-1.097066
-3.093819,-1.083438
-3.067055,-1.069885
-3.040236,-1.056441
-3.013366,-1.043098
-2.986469,-1.029811
-2.959527,-1.016617
-2.932554,-1.003485
-2.905532,-0.990453
-2.878477,-0.977491
-2.851380,-0.964617
-2.824240,-0.951831
-2.797077,-0.939098
-2.769882,-0.926431
-2.742629,-0.913890
-2.715328,-0.901455
-2.688003,-0.889070
-2.660636,-0.876781
-2.633235,-0.864568
-2.605793,-0.852445
-2.578296,-0.840450
-2.550757,-0.828549
-2.523202,-0.816686
-2.495607,-0.804916
-2.467977,-0.793230
-2.440331,-0.781581
-2.412667,-0.769975
-2.384957,-0.758478
-2.357232,-0.747019
-2.329476,-0.735634
-2.301695,-0.724313
-2.273871,-0.713095
-2.246024,-0.701934
-2.218164,-0.690808
-2.190270,-0.679765
-2.162361,-0.668762
-2.134423,-0.657831
-2.106468,-0.646943
-2.078494,-0.636106
-2.050483,-0.625366
-2.022438,-0.614712
-1.994367,-0.604128
-1.966266,-0.593625
-1.938121,-0.583239
-1.909951,-0.572923
-1.881754,-0.562677
-1.853532,-0.552504
-1.825282,-0.542408
-1.797001,-0.532398
-1.768691,-0.522470
-1.740358,-0.512609
-1.712013,-0.502785
-1.683634,-0.493057
-1.655227,-0.483409
-1.626806,-0.473804
-1.598357,-0.464283
-1.569887,-0.454826
-1.541385,-0.445464
-1.512868,-0.436149
-1.484330,-0.426899
-1.455776,-0.417697
-1.427206,-0.408543
-1.398611,-0.399470
-1.369991,-0.390476
