40
1
3
10
10
10
-0.23799777
0.15941927
-0.2774827
0.17584604
-0.17788012
0.21997868
-0.38416624
0.032665808
-0.24410383
0.40315235
0.14103694
0.22188754
0.211683
0.45890367
-0.19435006
-0.048294667
0.020536376
0.34380847
-0.17945234
0.15958731
-0.1060141
0.008994488
-0.3435038
0.38602516
0.061328594
-0.092887014
-0.33880332
-0.10054642
0.26125
0.17111938
0.22920807
0.55585635
-0.015366273
0.71835566
0.09315944
0.66567236
-0.3939219
0.5613946
-0.45324296
0.5239595
-0.58019894
-0.061019477
0.758334
0.08693941
1.0030732
0.056701396
-0.017693711
0.0022827478
-0.4277101
0.20325044
-0.7833564
-0.22293337
-0.18730502
0.10540956
-0.0331274
-0.3360876
0.077167675
0.010445089
-0.25618342
0.1650773
0.25335515
0.19947942
0.035618734
-0.39165533
-0.2138312
-0.31430906
0.37444842
0.15794775
0.2877997
0.13612777
-0.27638936
0.12830338
0.26293087
-0.35344934
0.12078751
0.10506252
0.41517788
0.15762883
0.5299218
0.16557269
0.09014621
-0.66369337
0.26357287
-0.28125086
-0.1727753
0.2167274
0.34261099
0.43534854
0.30713823
0.23794016
0.00365444
0.51294285
-0.07598052
0.004604929
0.113305196
0.16012922
0.10078244
-0.054921597
-0.354878
-0.87042916
-0.29557157
-0.8113206
-0.20462544
-0.39700353
-0.45401222
-0.8845004
0.030624662
-0.77433324
-0.0007852773
-0.66975504
0.12812455
-0.15653558
-0.3337382
0.04769975
0.18850161
-0.26518264
0.50062543
0.1746749
0.01435181
0.54196817
0.4445249
0.41447645
0.40081257
-0.08705173
-0.2870832
0.093418576
-0.3945008
0.081373684
-0.038845215
-0.026141683
0.32274786
0.3423658
0.12161168
0.54414576
0.23365583
0.23828681
0.71117824
0.061587848
0.38154843
0.5025876
0.4896013
-0.145793
0.38846922
0.12237325
0.6208163
0.47107056
-0.053560153
0.3395731
0.28667557
-0.14280045
-0.10264069
0.01959505
0.097987145
0.06396685
0.5988588
-0.151999
0.7062877
-0.03540005
0.4883194
-0.05823253
0.45221233
-0.47363034
0.6545788
0.29853863
0.9156536
-2.8090115
0.73790145
-1.1417958
0.35231942
-0.8923818
-0.06575487
-0.24785231
-0.3648086
-0.027784843
-0.2293968
0.2586336
-0.8344185
0.7101517
-0.60295373
0.2678568
-1.1882088
0.5978221
-1.2330459
0.02588707
-0.9994512
0.21244076
-1.2575364
-0.42418438
-0.99675494
-0.44807005
-1.0893722
-0.39471376
-0.5432214
-0.8146172
-0.744321
-1.3147737
-0.17679234
-1.3586477
0.35893014
-1.5581313
0.34548065
-2.2338736
0.8623469
-2.5388393
-1.6429073
-0.42695922
-0.35165685
0.10206909
0.31357542
0.44721553
-0.02239281
-0.09487543
-0.20891178
0.25667146
-0.22233829
-0.22868751
0.70829344
-0.107103415
1.0554527
-0.11177531
1.080418
0.11127184
1.1472695
-0.11114558
1.211377
0.42416537
0.8499078
0.45866522
0.2762666
0.09061805
-0.054328702
0.12896222
-0.95221615
-0.067700244
-0.7497546
-0.17558964
-0.73799807
-0.07125216
-0.3987337
0.06112348
0.47455165
-0.11782256
1.158527
-0.055221252
2.3116624
-0.6129408
0.27530012
0.9352764
0.1227905
1.0712786
0.48665622
1.4096619
0.018804861
1.3772863
0.36981964
1.1257509
0.5065
1.0944854
0.66870123
0.9698635
0.37757683
1.2071391
0.23309736
0.7052479
0.30609283
0.82642657
0.5194648
0.82626146
0.34538928
0.88103175
0.4889247
0.972469
0.45557192
0.6554284
0.35456067
0.68756837
0.04351157
0.4350275
0.3604924
0.24044573
0.15824424
0.5617812
0.02077041
0.5946504
0.2868121
0.042524118
16.865004
-0.75616723
-1.4350191
-0.06968584
-0.8801421
0.35395533
-0.5684624
0.7467402
-0.6653938
0.8513519
0.13836092
0.68212247
0.58830863
0.4217144
0.8399936
0.6301778
0.67759645
0.49109584
1.3747563
-0.26404637
0.8942463
-0.48090404
1.1367024
-0.5697175
1.1772718
-0.985247
0.919682
-1.2200723
0.18545257
-0.93446285
0.16635264
-1.2926806
-0.08407419
-1.710049
-0.9554304
-1.5923558
-1.4080676
-2.1246033
-1.9649075
-2.3962004
-2.6484773
-0.17556503
-0.39269832
0.929669
0.50771016
0.080850735
-0.13170135
0.088169664
-0.1433749
-0.33123252
0.26292604
-0.4468797
0.07800119
-0.32148117
-0.29896545
-0.04712412
-0.07805643
0.65680075
-0.00993498
0.32122657
0.20739187
0.48832065
0.3349277
0.6164686
0.16736867
0.32160464
-0.011555044
0.09744396
-0.029991755
0.34318432
-0.17710175
0.33708164
0.17148747
0.38847744
0.37841684
0.23483837
0.30788976
0.5990297
0.26371926
0.4564558
-0.36832508
0.70181984
-1.1239
2.0039778
-1.8089209
1.3528106
-1.1244141
0.7105691
-0.16254278
0.0069824113
0.45660117
0.092643686
0.54471457
-0.7221105
0.82859176
-0.79982775
1.1546036
-0.8559882
1.9636403
-0.80821925
1.8939369
-0.7629926
1.6083578
-0.73379356
1.3466984
-0.5488321
1.3382878
-0.29990223
0.8703188
0.103396036
0.92168415
-0.19609
0.6222433
0.5516845
0.3560686
0.33597207
-0.16702859
1.1764486
-0.10091468
1.0082641
-1.0191327
1.3422261
-1.3922528
0.014882319
14.432056
-8.6036
-0.94078976
3.0628598
-7.936966
-7.0814414
-2.1046214
18.04267
2.2952762
-0.83458716
-1.9263796
1.178681
25.993967
-0.97048914
-27.41774
0.56719553
9.051318
-0.34395382
4.93874
0.17681171
-75.35133
-0.66452056
-5.353013
-1.988394
4.7867007
-1.3712941
4.5972495
-1.3760974
1.1174765
-10.526682
-0.53040624
-2.817832
1.2985847
-3.450067
5.1419177
1.150975
11.692053
0.14641787
1.8387797
108.922676
-3.8585918
5.9229093
-1.4421203
0.6709869
-4.745853
-1.6714555
0.1699928
0.0903216
-3.8912644
-1.568708
0.33076063
0.1769766
-0.89137316
-0.7056137
2.94117
-0.18256094
2.7592833
-111.641846
-0.97867763
-5.57248
-1.0901502
-0.62474155
1.2995378
-0.12736095
-0.547995
-1.7493285
-2.4672186
1.4141158
0.07402987
-1.5053079
3.705911
-6.0629435
-1.4221262
6.366927
-1.733526
-1.0815789
2.5804465
5.68615
-28.720047
0.7366577
-3.6019135
2.040817
0.50478053
-1.9485016
9.057147
-37.37127
1.4993516
0.7814824
-14.45439
-5.5920496
4.602098
-9.69883
12.984058
-12.347342
-4.585237
-0.8757784
-14.5458975
-14.590305
-0.3569083
-0.94181764
0.5304824
13.609529
0.075610854
-12.710291
0.56366116
-0.17663974
-6.245552
-0.8916721
-1.0153464
0.6052483
-1.2576209
4.863321
2.0410612
-0.9369784
0.66985714
-3.8048794
5.1303525
19.217148
6.424955
-0.72271866
-0.97298557
9.538204
-1.9162191
-5.1707473
1.3203629
-11.183663
-7.7939143
6.1426525
-2.1873164
-2.2944837
-1.238075
0.60731524
9.724723
-0.9873843
-2.6278226
0.16825569
-0.44659948
6.3395114
-12.011022
-4.814808
-0.75067425
-0.68730557
-0.7031884
-2.8310149
18.770493
0.31782946
-0.75417703
1.6554894
0.47200745
2.927379
-5.351951
0.8961637
-5.024778
-1.601904
10.045283
5.1240063
2.3208065
-1.5885928
-1.4961498
5.5046024
3.5553682
0.9845123
0.48048708
-2.540021
-1.2166716
-3.352525
5.201264
-4.103948
-2.6398814
-1.2934741
13.555708
-0.033111
0.20130676
6.68668
2.0958405
-2.430247
38.798336
-10.380516
-8.234352
-7.222347
-5.795401
8.83443
-10.197804
-7.512812
-5.0833573
0.27434584
-7.1501517
0.3799207
3.6119576
0.15644486
-2.6892686
-3.025894
-0.02457068
5.123966
-1.2086709
2.314453
-7.4045124
-0.9575327
-14.308618
20.121328
1.5882179
-11.796803
2.2329094
-0.7214585
2.5285492
4.239697
0.16054963
-2.9991548
-2.696428
-5.7939143
-7.1815963
-5.1736965
-1.9053308
-2.0584657
12.89858
-4.6515536
-5.6720223
-4.222218
-1.5208722
-2.301496
-0.52660084
0.52404547
1.3303798
-0.9556242
-1.2719933
1.0243616
12.966824
-5.7702417
-11.70465
4.55128
0.08224848
